0	0	0	300
0	0	0	301
0	0	0	302
0	0	0	303
0	0	0	304
0	0	0	305
0	0	0	306
0	0	0	307
0	0	0	308
0	0	0	309
0	0	0	310
0	0	0	311
0	0	0	312
0	0	0	313
0	0	0	314
0	0	0	315
0	0	0	316
0	0	0	317
0	0	0	318
0	0	0	319
0	0	0	320
0	0	0	321
0	0	0	322
0	0	0	323
0	0	0	324
0	0	0	325
0	0	0	326
0	0	0	327
0	0	0	328
0	0	0	329
0	0	0	330
0	0	0	331
0	0	0	332
0	0	0	333
0	0	0	334
0	0	0	335
0	0	0	336
0	0	0	337
0	0	0	338
63.9747	190.753	99.803	339
29.7622	97.9481	35.0496	340
-55.231	-21.5695	-47.0949	341
-30.2964	19.8995	37.2488	342
-12.4781	20.446	-0.193413	343
-15.2874	12.2764	-7.64698	344
-2.55921	27.0733	8.20921	345
21.9718	36.1666	28.9083	346
32.9899	55.8854	57.1812	347
56.5795	72.1774	76.137	348
77.7656	81.3182	92.8049	349
86.7101	103.596	121.461	350
101.247	118.601	146.696	351
118.59	135.18	165.322	352
122.144	146.699	170.36	353
138.607	166.235	187.855	354
138.874	170.985	199.215	355
140.208	179.548	213.452	356
153.313	176.765	221.644	357
158.649	171.057	232.49	358
164.863	168.371	228.079	359
166.914	160.496	228.052	360
170.562	159.069	217.792	361
166.164	156.58	210.534	362
177.197	153.728	199.429	363
178.368	146.079	197.281	364
172.935	150.081	193.379	365
163.38	153.054	197.945	366
162.517	149.694	199.72	367
160.88	151.67	208.99	368
163.268	147.442	216.616	369
162.325	145.943	225.833	370
157.497	149.155	222.424	371
167.754	148.696	223.128	372
173.554	141.764	222.452	373
167.129	142.133	230.447	374
160.304	139.958	235.111	375
161.348	152.704	251.774	376
155.528	151.387	290.204	377
157.232	147.962	369.273	378
156.136	146.782	528.938	379
155.795	154.936	786.247	380
157.907	156.765	1156.1	381
164.405	159.545	1665.05	382
163.524	154.781	2264.88	383
165.068	145.537	3016.7	384
163.334	148.381	3978.18	385
166.54	148.532	5265.68	386
165.004	153.81	6864.42	387
166.692	155.794	8881.14	388
164.753	156.013	11505.5	389
162.654	158.038	14721.6	390
157.881	157.842	18197.9	391
160.326	161.704	21509	392
156.44	168.102	24148.8	393
150.799	170.49	25831.4	394
156.682	171.53	26439.5	395
161.727	168.251	25860.1	396
167.258	179.878	24102.9	397
181.352	185.919	21552.4	398
182.526	190.537	18546.3	399
186.252	188.19	15548.3	400
190.175	186.072	12902.6	401
187.618	185.193	10646.3	402
186.91	187.736	8776.83	403
185.765	176.955	7216.54	404
184.696	175.78	5902.27	405
176.781	175.332	4789.39	406
175.642	177.598	3867.93	407
185.406	181.365	3066.86	408
189.599	184.371	2416.64	409
198.402	176.041	1900.71	410
206.235	180.861	1492.19	411
206.803	179.08	1178.7	412
226.902	184.069	952.716	413
243.526	187.28	780.294	414
258.864	184.019	657.023	415
278.542	186.188	571.43	416
302.744	195.223	516.238	417
331.005	194.564	464.934	418
371.082	193.943	424.544	419
413.942	191.18	393.657	420
478.23	192.46	374.121	421
557.851	196.222	346.724	422
661.396	195.344	324.068	423
797.89	195.823	304.375	424
967.798	195.97	286.209	425
1168.53	195.934	273.738	426
1402.36	205.06	268.675	427
1693.08	200.247	257.437	428
2042.38	198.45	254.785	429
2435.1	201.629	252.496	430
2901.02	199.407	253.429	431
3440.86	204.896	245.787	432
4072.17	206.426	247.521	433
4811.8	206.382	235.768	434
5645.13	209.692	233.342	435
6601.86	221.112	228.373	436
7734.92	232.421	221.352	437
9037.23	231.765	205.774	438
10603	235.694	205.521	439
12381.9	239.325	203.039	440
14485.5	239.661	205.474	441
16853	239.881	188.156	442
19591.1	235.767	183.755	443
22588.6	234.808	179.625	444
25882.6	234.242	184.685	445
29393.4	237.79	180.505	446
33047.3	243.669	176.531	447
36482	248.224	179.007	448
39665.3	256.934	185.274	449
42202.5	263.964	179.712	450
44254.3	260.916	179.252	451
45409.1	264.386	174.686	452
45593.9	258.508	171.072	453
44732.7	253.53	168.907	454
43018.4	251.423	164.879	455
40691.7	253.409	158.88	456
37951.4	253.563	156.119	457
34756.4	256.392	159.553	458
31511.4	257.852	161.571	459
28479.4	268.07	159.838	460
25699.9	279.681	157.081	461
23273.4	289.366	156.979	462
21134.1	305.18	157.59	463
19381.2	320.836	161.918	464
17842	346.302	154.125	465
16459.2	378.928	149.007	466
15127.4	428.609	148.247	467
13907.4	473.074	143.559	468
12733.3	532.76	138.974	469
11592.8	600.042	123.505	470
10430	693.875	128.811	471
9348.99	805.147	142.812	472
8354.33	934.435	145.921	473
7434.2	1092.78	146.874	474
6612.08	1300.78	155.263	475
5852.16	1542.79	162.202	476
5195.23	1838.52	180.109	477
4607.65	2185.08	186.851	478
4091.39	2603.53	187.812	479
3630.33	3121.61	187.212	480
3205.64	3732.36	194.514	481
2827.27	4426.56	199.948	482
2470.01	5245.04	194.37	483
2126.03	6168.92	194.717	484
1802.96	7234.15	181.414	485
1516.15	8415.61	175.408	486
1257.9	9689.04	178.63	487
1034.41	11074.8	182.366	488
836.101	12529.5	177.609	489
663.522	14016.1	184.099	490
533.692	15533	175.965	491
436.718	17017.1	189.767	492
363.853	18400.5	193.274	493
321.159	19714.5	182.296	494
280.043	20893.7	171.957	495
243.629	21980.3	179.503	496
235.159	22970.6	176.266	497
222.507	23804.4	193.051	498
217.358	24529.3	188.86	499
211.343	25204.3	190.805	500
198.887	25839.2	194.473	501
189.114	26385.6	186.305	502
187.742	26866.6	186.754	503
187.013	27269.6	182.39	504
197.125	27673.8	167.08	505
189.856	28057.2	165.954	506
193.075	28355.7	161.197	507
191.548	28547.7	156.523	508
202.157	28747.1	170.562	509
209.292	28877.6	169.132	510
208.292	28993.4	171.593	511
200.141	29083.9	181.069	512
202.278	29120.9	176.822	513
197.501	29174.4	180.668	514
201.987	29200.8	190.342	515
194.092	29224.3	188.953	516
189.268	29286.9	192.59	517
189.599	29298	203.812	518
185.913	29246.8	201.054	519
179.421	29178.3	204.938	520
183.59	29108.3	204.085	521
187.078	29009.4	194.647	522
198.453	28917.5	192.159	523
193.671	28783.6	180.095	524
190.673	28670.5	172.29	525
192.715	28546.6	173.44	526
193.065	28452.1	175.835	527
188.399	28258.9	173.354	528
180.049	28150.3	177.948	529
171.748	27952.4	187.327	530
172.699	27749.7	192.153	531
175.483	27557.5	186.371	532
178.3	27365.6	193.02	533
184.588	27110.7	188.146	534
184.457	26907	202.254	535
179.147	26660.9	206.517	536
178.18	26415.4	200.484	537
177.337	26201.4	198.927	538
179.609	25940.6	201.399	539
178.513	25711.2	196.223	540
168.612	25491.6	198.426	541
160.647	25300.9	192.193	542
165.647	25084.2	178.102	543
172.491	24893	176.886	544
174.338	24679	182.379	545
163.013	24475.8	182.959	546
158.102	24239.6	180.14	547
167.681	24010.5	174.811	548
169.849	23789.6	172.432	549
168.117	23557.8	186.465	550
157.154	23310.6	185.941	551
157.05	23053	179.582	552
163.001	22796.7	172.754	553
161.782	22555.2	178.323	554
158.314	22294.6	184.875	555
167.787	22015.1	180.87	556
171.062	21754.6	183.648	557
173.887	21519.4	186.599	558
176.239	21239.6	191.027	559
168.382	20938.4	195.33	560
173.449	20630.5	192.648	561
169.206	20319	194.838	562
165.337	19992.2	197.478	563
165.616	19621	195.435	564
169.527	19220.7	183.629	565
163.95	18850.2	180.406	566
171.482	18482.4	181.072	567
169.354	18080.5	181.568	568
167.753	17674.7	174.069	569
166.222	17256.6	171.5	570
160.704	16823.8	165.441	571
157.882	16401.8	173.791	572
158.022	15994.1	179.245	573
163.499	15595.1	166.829	574
166.993	15220.5	167.557	575
165.858	14852.4	156.998	576
167.34	14467.2	167.074	577
175.726	14102.1	165.75	578
182.587	13736.1	163.06	579
185.106	13360.9	170.509	580
185.681	12971.5	171.876	581
182.36	12590.4	175.329	582
182.941	12236.2	180.324	583
178.586	11901.7	179.308	584
166.372	11558	186.486	585
157.34	11245.3	180.032	586
150.7	10936.4	168.901	587
146.453	10624	173.09	588
154.825	10348.4	171.215	589
156.091	10073.4	162.981	590
156.883	9816.24	154.566	591
164.265	9578.19	151.352	592
169.302	9313.77	164.999	593
171.468	9079.04	166.403	594
171.284	8861.03	172.438	595
166.578	8628.43	164.361	596
168.998	8405.48	176.276	597
169.858	8195.57	179.535	598
174.12	7986.02	185.967	599
172.636	7781.49	176.71	600
171.53	7574.98	183.199	601
167.471	7365.44	178.237	602
168.158	7166.03	172.635	603
164.464	6965.96	161.752	604
159.509	6765.26	168.054	605
148.455	6581.86	162.309	606
152.461	6401.53	158.442	607
155.08	6223.3	154.835	608
148.995	6033.19	158.455	609
143.315	5862.01	164.961	610
142.614	5697.44	174.786	611
152.22	5542.75	164.84	612
152.687	5386.63	157.695	613
142.679	5224.12	168.214	614
147.694	5082.94	170.016	615
148.636	4940.12	161.295	616
162.63	4799.34	155.664	617
156.361	4642.53	157.943	618
156.666	4506.37	165.908	619
165.785	4361.89	172.044	620
171.72	4236.12	159.801	621
161.702	4092.41	153.068	622
157.432	3971.63	162.629	623
152.317	3840.57	167.088	624
150.685	3722.52	182.313	625
149.222	3589.37	176.101	626
144.855	3466.36	171.106	627
141.792	3356.95	169.936	628
149.132	3248.6	176.097	629
151.333	3128.88	176.432	630
152.107	3024.78	167.455	631
158.691	2920.14	152.998	632
161.489	2813.74	158.566	633
167.877	2722.47	158.083	634
174.22	2618.18	166.087	635
167.954	2525.48	173.852	636
162.821	2438.67	176.417	637
160.88	2357.09	182.295	638
158.947	2271.42	186.493	639
155.365	2197.18	183.497	640
153.183	2115.27	193.582	641
156.042	2043.86	184.122	642
158.368	1974.26	177.607	643
159.059	1911.05	175.697	644
157.725	1847.73	179.225	645
160.608	1782.66	183.02	646
155.998	1728.37	174.467	647
149.984	1677.01	170.8	648
154.138	1630.76	168.82	649
165.234	1567.94	169.634	650
165.944	1507.66	164.669	651
162.229	1459.14	155.874	652
157.351	1420.31	147.154	653
151.796	1365.5	156.794	654
154.184	1334.54	156.796	655
154.277	1291.17	163.108	656
151.937	1255.12	165.63	657
160.889	1216.09	165.399	658
162.628	1172.54	166.583	659
174.554	1128.53	174.984	660
180.569	1084.51	171.467	661
185.95	1039.18	174.192	662
179.624	1005.3	181.099	663
181.475	988.526	183.869	664
176.631	972.619	182.383	665
173.529	949.271	188.012	666
169.989	923.501	188.795	667
162.715	906.198	188.155	668
160.338	886.679	167.948	669
153.758	858.059	160.961	670
157.314	819.955	160.319	671
157.475	792.341	158.927	672
159.491	775.602	150.066	673
163.96	753.479	144.264	674
168.379	731.468	144.639	675
167.265	724.278	146.965	676
172.014	712.508	149.579	677
179.464	694.492	141.798	678
178.914	664.794	143.994	679
168.723	647.147	151.921	680
165.521	628.705	152.952	681
165.42	608.261	159.021	682
155.525	591.435	167.114	683
153.289	570.882	171.727	684
147.861	554.738	180.31	685
149.459	549.156	188.376	686
153.555	535.676	174.479	687
153.763	520.557	170.531	688
157.047	502.061	162.457	689
154.073	485.924	159.904	690
151.332	473.807	156.956	691
152.729	469.331	156.571	692
156.665	449.356	159.011	693
158.099	433.67	162.314	694
159.137	425.874	169.792	695
152.19	414.302	167.331	696
160.489	400.369	168.305	697
159.809	387.007	167.471	698
150.403	375.471	169.676	699
