# levels	mouse_M_cone_green	mouse_S_cone_green	mouse_M_cone_UV	mouse_S_cone_UV	
0.000000000000000000e+00 1.014670577951424768e+01 2.312678904875835606e-01 3.693809677663340008e+00 1.197984824865707765e+01
5.000000000000000000e+00 1.435854591440695138e+01 3.272658827654483238e-01 3.476526755447848949e+00 1.127515129285371920e+01
1.000000000000000000e+01 1.359275679897191935e+01 3.098117023512912405e-01 5.866638899818244823e+00 1.902681780669065148e+01
1.500000000000000000e+01 2.182498978989857008e+01 4.974441418034816209e-01 8.763744529358122648e+00 2.842277721740209273e+01
2.000000000000000000e+01 2.909998638653142322e+01 6.632588557379753835e-01 1.528223219582283576e+01 4.956368589150280712e+01
2.500000000000000000e+01 3.924669216604566202e+01 8.945267462255586111e-01 1.839662074757819710e+01 5.966434225801758373e+01
3.000000000000000000e+01 4.824471427240735721e+01 1.099613366091906519e+00 2.462539785108893042e+01 7.986565499104717958e+01
3.500000000000000000e+01 6.432628569654316664e+01 1.466151154789209210e+00 3.331671473970855146e+01 1.080535332231814749e+02
4.000000000000000000e+01 6.738944215828330186e+01 1.535967876445837765e+00 3.990763004691176974e+01 1.294293408825500080e+02
4.500000000000000000e+01 8.155654079383150190e+01 1.858870214107747110e+00 4.888865749848539366e+01 1.585568150557554929e+02
5.000000000000000000e+01 1.066361343243290065e+02 2.430494622671397487e+00 5.345159886501068769e+01 1.733554511276259689e+02
5.500000000000000000e+01 1.240578367004761162e+02 2.827577227093474921e+00 7.192064725332740238e+01 2.332546923709114139e+02
6.000000000000000000e+01 1.357361207108603764e+02 3.093753478409371649e+00 8.263993808262492280e+01 2.680197421905436386e+02
6.500000000000000000e+01 1.659847907705444072e+02 3.783193604768583906e+00 9.430078824152290906e+01 3.058384788186571654e+02
7.000000000000000000e+01 1.893413587913130129e+02 4.315546107400379583e+00 1.176949162000573921e+02 3.817108510601519242e+02
7.500000000000000000e+01 2.312683128613813892e+02 5.271162485075490345e+00 1.387713596549599799e+02 4.500664557730776778e+02
8.000000000000000000e+01 2.529018553724211245e+02 5.764243081775430433e+00 1.652074485245113635e+02 5.358045853958195721e+02
8.500000000000000000e+01 3.101445917511902053e+02 7.068943067733685304e+00 1.871530236682759210e+02 6.069789779319586387e+02
9.000000000000000000e+01 3.509228621481059349e+02 7.998378174787559303e+00 2.242359757263862718e+02 7.272472583890648821e+02
9.500000000000000000e+01 3.961044199587731214e+02 9.028174819222835268e+00 2.500926434700296852e+02 8.111061961296645677e+02
1.000000000000000000e+02 4.732576733388532375e+02 1.078668349594918041e+01 2.896381353132488812e+02 9.393610420858752832e+02
1.050000000000000000e+02 5.368181699199611785e+02 1.223538047032422860e+01 3.300527588453301746e+02 1.070434675865299823e+03
1.100000000000000000e+02 6.051648484725382104e+02 1.379316607228776093e+01 3.727126392403047248e+02 1.208790178188025493e+03
1.150000000000000000e+02 6.782977089965845607e+02 1.546004030183978450e+01 4.293510542978094691e+02 1.392481184667434718e+03
1.200000000000000000e+02 7.677035882236249336e+02 1.749781586519263854e+01 4.796158369703262565e+02 1.555501080443277942e+03
1.250000000000000000e+02 8.766370898942591339e+02 1.998067302910650866e+01 5.408171933943560816e+02 1.753990722994557018e+03
1.300000000000000000e+02 9.817416459877181296e+02 2.237625929094959076e+01 5.959346279963521056e+02 1.932748850783341823e+03
1.350000000000000000e+02 1.094312645956668803e+03 2.494202381183071182e+01 6.714766572866045635e+02 2.177748492417642865e+03
1.400000000000000000e+02 1.202288911233008548e+03 2.740306325022687162e+01 7.415866135214695305e+02 2.405130710156859550e+03
1.450000000000000000e+02 1.343959897588491003e+03 3.063208662684597172e+01 8.192290443931382242e+02 2.656942422363926198e+03
1.500000000000000000e+02 1.463614446875215890e+03 3.335930231655805045e+01 9.088944636273970445e+02 2.947747366125444387e+03
1.550000000000000000e+02 1.610071615202166413e+03 3.669741432076560983e+01 9.913171187878064075e+02 3.215062411360184342e+03
1.600000000000000000e+02 1.747913655980473550e+03 3.983916679531392901e+01 1.087428598047791638e+03 3.526773364810535895e+03
1.650000000000000000e+02 1.927108308992271759e+03 4.392344501222670772e+01 1.186437182937317175e+03 3.847880277671600197e+03
1.700000000000000000e+02 2.077202975617539323e+03 4.734446437340152869e+01 1.284793919060196004e+03 4.166873099665252994e+03
1.750000000000000000e+02 2.240507504484060519e+03 5.106656834672055822e+01 1.389524287568062164e+03 4.506537032362471109e+03
1.800000000000000000e+02 2.404769269744876510e+03 5.481049004555729454e+01 1.504466953420056370e+03 4.879321721982446434e+03
1.850000000000000000e+02 2.547780387052369406e+03 5.807005823790115784e+01 1.604054959435490218e+03 5.202307826725653285e+03
1.900000000000000000e+02 2.691365846196438724e+03 6.134271706555562531e+01 1.676627455455464087e+03 5.437676609963975352e+03
1.950000000000000000e+02 2.874389444785413161e+03 6.551426618453922401e+01 1.759122538256611506e+03 5.705226554183981534e+03
2.000000000000000000e+02 2.967241375031910593e+03 6.763058555975577235e+01 1.849874372101948438e+03 5.999554982724518595e+03
2.050000000000000000e+02 3.155625497428930885e+03 7.192431394163848779e+01 1.950186654524766709e+03 6.324890077320402270e+03
2.100000000000000000e+02 3.247520191281135340e+03 7.401881559133734356e+01 2.028336078881604408e+03 6.578346082424341148e+03
2.150000000000000000e+02 3.366791846010142763e+03 7.673730419084233745e+01 2.073386071420949975e+03 6.724453251260905745e+03
2.200000000000000000e+02 3.490658235431760204e+03 7.956051787283227839e+01 2.172756794514167268e+03 7.046734659048307549e+03
2.250000000000000000e+02 3.586764769418856758e+03 8.175101751480900703e+01 2.215126964346187833e+03 7.184150565429961716e+03
2.300000000000000000e+02 3.706036424147863272e+03 8.446950611431398670e+01 2.293710954547456822e+03 7.439015964445508871e+03
2.350000000000000000e+02 3.789507437730282618e+03 8.637201177945712516e+01 2.341658052716341899e+03 7.594519092692783488e+03
2.400000000000000000e+02 3.887911339063685318e+03 8.861487396267634153e+01 2.393661098766582199e+03 7.763176564115052315e+03
2.450000000000000000e+02 3.953960650269958023e+03 9.012029702339742698e+01 2.450951362590733879e+03 7.948981661461873045e+03
2.500000000000000000e+02 4.014266543110466046e+03 9.149481373101228598e+01 2.471593240201206299e+03 8.015927872263194331e+03
2.550000000000000000e+02 4.035802911623904492e+03 9.198567949800060717e+01 2.505561803707561012e+03 8.126095496353784256e+03
