# levels	mouse_M_cone_green	mouse_S_cone_green	mouse_M_cone_blue	mouse_S_cone_blue	
0.000000000000000000e+00 0.000000000000000000e+00 0.000000000000000000e+00 3.007292760825203137e-01 2.719775213114575596e+00
5.000000000000000000e+00 1.047800378102180275e+03 6.783384544651093536e-05 1.804375656495121660e+01 1.631865127868745162e+02
1.000000000000000000e+01 1.321550026435182190e+03 8.555620146406783236e-05 9.924066110723175882e+01 8.975258203278103792e+02
1.500000000000000000e+01 2.258253067150229072e+03 1.461976849193686537e-04 1.693105824344589507e+02 1.531233444983506160e+03
2.000000000000000000e+01 2.931372228966391049e+03 1.897749369837593012e-04 2.712578070264333974e+02 2.453237242229347885e+03
2.500000000000000000e+01 3.192051602312672003e+03 2.066511327670562167e-04 3.545598165012915501e+02 3.206614976262085747e+03
3.000000000000000000e+01 4.231864590145189140e+03 2.739678802926304711e-04 4.447785993260476971e+02 4.022547540196458613e+03
3.500000000000000000e+01 4.911518889454710916e+03 3.179682124741510280e-04 5.070295594751292469e+02 4.585541009311175003e+03
4.000000000000000000e+01 5.241906396063505781e+03 3.393572628401679623e-04 5.190587305184301385e+02 4.694332017835758961e+03
4.500000000000000000e+01 5.445947911133994239e+03 3.525667642750048947e-04 6.255168942516422703e+02 5.657132443278317623e+03
5.000000000000000000e+01 6.373937435191226541e+03 4.126441409074657510e-04 7.166378649046459941e+02 6.481224332852034422e+03
5.500000000000000000e+01 6.379020319908283454e+03 4.129732032207889566e-04 8.110668575945572911e+02 7.335233749770010036e+03
6.000000000000000000e+01 7.695487461626407821e+03 4.982003423715334342e-04 8.483572878287899357e+02 7.672485876196219579e+03
6.500000000000000000e+01 8.264044423548797567e+03 5.350083125618440398e-04 9.436884683469488664e+02 8.534654618753540490e+03
7.000000000000000000e+01 8.661235557867501484e+03 5.607221819029675584e-04 1.024885372889229075e+03 9.268993926294473567e+03
7.500000000000000000e+01 9.249397932269977900e+03 5.987993924446684615e-04 1.067288200816864446e+03 9.652482231343628882e+03
8.000000000000000000e+01 9.642958434647924150e+03 6.242782172762752343e-04 1.157206254365538598e+03 1.046569502006489165e+04
8.500000000000000000e+01 1.043516232412088175e+04 6.755649292528125276e-04 1.226073258588435237e+03 1.108852354386812294e+04
9.000000000000000000e+01 1.113732654146309142e+04 7.210225373933365186e-04 1.264566605926997909e+03 1.143665477114679015e+04
9.500000000000000000e+01 1.153161317022919138e+04 7.465483711268467923e-04 1.373731333144952714e+03 1.242393317350738107e+04
1.000000000000000000e+02 1.180463669217404640e+04 7.642237182425005949e-04 1.383354669979593382e+03 1.251096598032704787e+04
1.050000000000000000e+02 1.238481167630685013e+04 8.017838308632641801e-04 1.469363242939194379e+03 1.328882169127781890e+04
1.100000000000000000e+02 1.237900266520164223e+04 8.014077596480376903e-04 1.592662246133027566e+03 1.440392952865479310e+04
1.150000000000000000e+02 1.288148212580226937e+04 8.339379197651445620e-04 1.682580299681701490e+03 1.521714231737605405e+04
1.200000000000000000e+02 1.373395450549178349e+04 8.891263705996592078e-04 1.695210929277166997e+03 1.533137287632686275e+04
1.250000000000000000e+02 1.443321421728138193e+04 9.343959431325693033e-04 1.798060341697388822e+03 1.626153599921204841e+04
1.300000000000000000e+02 1.519274241928753872e+04 9.835672545234568596e-04 1.855198904153068497e+03 1.677829328970382267e+04
1.350000000000000000e+02 1.560590833414556801e+04 1.010315319706453713e-03 1.929779764621532649e+03 1.745279754255622902e+04
1.400000000000000000e+02 1.552603443144894118e+04 1.005144340497087256e-03 1.949327167566896605e+03 1.762958293140867681e+04
1.450000000000000000e+02 1.638431582224365775e+04 1.060708862546828066e-03 2.081347319767123281e+03 1.882356424996598071e+04
1.500000000000000000e+02 1.728689092271559639e+04 1.119140927612672027e-03 2.143899009192287849e+03 1.938927749429381583e+04
1.550000000000000000e+02 1.781333255412521612e+04 1.153222381492589009e-03 2.221487162421577978e+03 2.009097949927737500e+04
1.600000000000000000e+02 1.835211833413340719e+04 1.188102986704863123e-03 2.319524906424479923e+03 2.097762621875273180e+04
1.650000000000000000e+02 1.874930946845210929e+04 1.213816856045986424e-03 2.385384617886550586e+03 2.157325699042480846e+04
1.700000000000000000e+02 1.878997254618857914e+04 1.216449354552573371e-03 2.428990362918517349e+03 2.196762439632643145e+04
1.750000000000000000e+02 2.004617119769015335e+04 1.297774754845341201e-03 2.526727377645336219e+03 2.285155134058867043e+04
1.800000000000000000e+02 2.074543090947976452e+04 1.343044327378252164e-03 2.566724371364310628e+03 2.321328144393290131e+04
1.850000000000000000e+02 2.106274814110183797e+04 1.363587217510009008e-03 2.656642424912984552e+03 2.402649423265416044e+04
1.900000000000000000e+02 2.198420252766570775e+04 1.423241514025339657e-03 2.717389738681654308e+03 2.457588882570331407e+04
1.950000000000000000e+02 2.230369813845223325e+04 1.443925430862806570e-03 2.783550179419808956e+03 2.517423937258852311e+04
2.000000000000000000e+02 2.274445685606000188e+04 1.472459834318129738e-03 2.847304785949303096e+03 2.575083171776881136e+04
2.050000000000000000e+02 2.340595799566574715e+04 1.515284943952067108e-03 2.889106155324772772e+03 2.612888047239173102e+04
2.100000000000000000e+02 2.376756893696504630e+04 1.538695377099927753e-03 3.031050373635722735e+03 2.741261437298181045e+04
2.150000000000000000e+02 2.458446112363514476e+04 1.591580391741178116e-03 3.118261863699653077e+03 2.820134918478503459e+04
2.200000000000000000e+02 2.513486492585375527e+04 1.627213139383905643e-03 3.171190216290176977e+03 2.868002962229320110e+04
2.250000000000000000e+02 2.537811726588441525e+04 1.642961121521522953e-03 3.169686569909764330e+03 2.866643074622763015e+04
2.300000000000000000e+02 2.620444909560047017e+04 1.696457251887516443e-03 3.344711008589791163e+03 3.024933992026031410e+04
2.350000000000000000e+02 2.657259517439312913e+04 1.720290765152506863e-03 3.424704996027741799e+03 3.097280012694879042e+04
2.400000000000000000e+02 2.683037004218680522e+04 1.736978925328190289e-03 3.511615756815590430e+03 3.175881516353890765e+04
2.450000000000000000e+02 2.802630020347183017e+04 1.814402586762981417e-03 3.522141281478478504e+03 3.185400729599791521e+04
2.500000000000000000e+02 2.859195265984161597e+04 1.851022521345678778e-03 3.547402540669409973e+03 3.208246841389953988e+04
2.550000000000000000e+02 2.873136892636664925e+04 1.860048230511118870e-03 3.547402540669409973e+03 3.208246841389953988e+04
