270,0	7,299e-05
270,2	7,2825e-05
270,4	7,266e-05
270,6	7,2495e-05
270,8	7,233e-05
271,0	7,2166e-05
271,2	7,2002e-05
271,4	7,1839e-05
271,6	7,1676e-05
271,8	7,1513e-05
272,0	7,1351e-05
272,2	7,1189e-05
272,4	7,1028e-05
272,6	7,0867e-05
272,8	7,0483e-05
273,0	6,6996e-05
273,2	6,3681e-05
273,4	6,053e-05
273,6	5,7535e-05
273,8	5,4688e-05
274,0	5,1982e-05
274,2	4,941e-05
274,4	4,6965e-05
274,6	4,4641e-05
274,8	4,2432e-05
275,0	4,0332e-05
275,2	3,9607e-05
275,4	3,8895e-05
275,6	3,8195e-05
275,8	3,7508e-05
276,0	3,6834e-05
276,2	3,6172e-05
276,4	3,5521e-05
276,6	3,4882e-05
276,8	3,4255e-05
277,0	3,3639e-05
277,2	3,3034e-05
277,4	3,244e-05
277,6	3,1856e-05
277,8	3,1284e-05
278,0	3,0721e-05
278,2	3,0168e-05
278,4	2,9626e-05
278,6	2,9093e-05
278,8	2,857e-05
279,0	2,8056e-05
279,2	2,7797e-05
279,4	2,7606e-05
279,6	2,7416e-05
279,8	2,7228e-05
280,0	2,7041e-05
280,2	2,6855e-05
280,4	2,667e-05
280,6	2,6487e-05
280,8	2,6305e-05
281,0	2,6124e-05
281,2	2,5944e-05
281,4	2,5766e-05
281,6	2,5588e-05
281,8	2,5412e-05
282,0	2,5238e-05
282,2	2,5064e-05
282,4	2,4892e-05
282,6	2,4721e-05
282,8	2,4551e-05
283,0	2,4382e-05
283,2	2,4189e-05
283,4	2,3962e-05
283,6	2,3737e-05
283,8	2,3515e-05
284,0	2,3295e-05
284,2	2,3076e-05
284,4	2,286e-05
284,6	2,2645e-05
284,8	2,2433e-05
285,0	2,2223e-05
285,2	2,2015e-05
285,4	2,1808e-05
285,6	2,1604e-05
285,8	2,1401e-05
286,0	2,1201e-05
286,2	2,1002e-05
286,4	2,0805e-05
286,6	2,061e-05
286,8	2,0417e-05
287,0	2,0225e-05
287,2	1,9997e-05
287,4	1,913e-05
287,6	1,83e-05
287,8	1,7506e-05
288,0	1,6747e-05
288,2	1,6021e-05
288,4	1,5326e-05
288,6	1,4661e-05
288,8	1,4025e-05
289,0	1,3417e-05
289,2	1,2835e-05
289,4	1,2278e-05
289,6	1,1745e-05
289,8	1,1236e-05
290,0	1,0749e-05
290,2	1,0282e-05
290,4	9,8364e-06
290,6	9,4098e-06
290,8	9,0016e-06
291,0	8,6112e-06
291,2	8,2377e-06
291,4	8,1179e-06
291,6	8,1023e-06
291,8	8,0867e-06
292,0	8,0712e-06
292,2	8,0557e-06
292,4	8,0402e-06
292,6	8,0248e-06
292,8	8,0094e-06
293,0	7,994e-06
293,2	7,9786e-06
293,4	7,9633e-06
293,6	7,948e-06
293,8	7,9328e-06
294,0	7,9175e-06
294,2	7,9023e-06
294,4	7,8872e-06
294,6	7,872e-06
294,8	7,8569e-06
295,0	7,8418e-06
295,2	7,6442e-06
295,4	7,4516e-06
295,6	7,2638e-06
295,8	7,1633e-06
296,0	7,065e-06
296,2	6,968e-06
296,4	6,8724e-06
296,6	6,7781e-06
296,8	6,6851e-06
297,0	6,5934e-06
297,2	6,5029e-06
297,4	6,4136e-06
297,6	6,3256e-06
297,8	6,2388e-06
298,0	6,1532e-06
298,2	6,0688e-06
298,4	5,9855e-06
298,6	5,9033e-06
298,8	5,8223e-06
299,0	5,7424e-06
299,2	5,6636e-06
299,4	5,5859e-06
299,6	5,5093e-06
299,8	5,4594e-06
300,0	5,4245e-06
300,2	5,3898e-06
300,4	5,3553e-06
300,6	5,321e-06
300,8	5,287e-06
301,0	5,2531e-06
301,2	5,2195e-06
301,4	5,1861e-06
301,6	5,1529e-06
301,8	5,1199e-06
302,0	5,0872e-06
302,2	5,0546e-06
302,4	5,0222e-06
302,6	4,9901e-06
302,8	4,9582e-06
303,0	4,9264e-06
303,2	4,8949e-06
303,4	4,8636e-06
303,6	4,8324e-06
303,8	4,9064e-06
304,0	5,2453e-06
304,2	5,6076e-06
304,4	5,9949e-06
304,6	6,409e-06
304,8	6,8517e-06
305,0	7,325e-06
305,2	7,6094e-06
305,4	7,9049e-06
305,6	8,2118e-06
305,8	8,5307e-06
306,0	8,862e-06
306,2	9,2061e-06
306,4	9,5635e-06
306,6	9,9349e-06
306,8	1,012e-05
307,0	1,0201e-05
307,2	1,0283e-05
307,4	1,0365e-05
307,6	1,0447e-05
307,8	1,0531e-05
308,0	1,0615e-05
308,2	1,0699e-05
308,4	1,0785e-05
308,6	1,0871e-05
308,8	1,0957e-05
309,0	1,1045e-05
309,2	1,1133e-05
309,4	1,1222e-05
309,6	1,1311e-05
309,8	1,1401e-05
310,0	1,1492e-05
310,2	1,1584e-05
310,4	1,1677e-05
310,6	1,177e-05
310,8	1,1848e-05
311,0	1,1875e-05
311,2	1,1902e-05
311,4	1,1929e-05
311,6	1,1956e-05
311,8	1,1983e-05
312,0	1,2011e-05
312,2	1,2038e-05
312,4	1,2065e-05
312,6	1,2093e-05
312,8	1,212e-05
313,0	1,2148e-05
313,2	1,2176e-05
313,4	1,2203e-05
313,6	1,2231e-05
313,8	1,2259e-05
314,0	1,2287e-05
314,2	1,2315e-05
314,4	1,2343e-05
314,6	1,2371e-05
314,8	1,2399e-05
315,0	1,2651e-05
315,2	1,2955e-05
315,4	1,3266e-05
315,6	1,3585e-05
315,8	1,3911e-05
316,0	1,4245e-05
316,2	1,4588e-05
316,4	1,4938e-05
316,6	1,5297e-05
316,8	1,5665e-05
317,0	1,6041e-05
317,2	1,6426e-05
317,4	1,6821e-05
317,6	1,7225e-05
317,8	1,7639e-05
318,0	1,8063e-05
318,2	1,8497e-05
318,4	1,8942e-05
318,6	1,9397e-05
318,8	1,9863e-05
319,0	2,3179e-05
319,2	3,2054e-05
319,4	4,4326e-05
319,6	6,1297e-05
319,8	8,4766e-05
320,0	1,1722e-04
320,2	1,1701e-04
320,4	1,168e-04
320,6	1,1659e-04
320,8	1,1638e-04
321,0	1,1617e-04
321,2	1,1596e-04
321,4	1,1575e-04
321,6	1,1554e-04
321,8	1,1533e-04
322,0	1,0477e-04
322,2	9,4651e-05
322,4	8,551e-05
322,6	7,7252e-05
322,8	6,9791e-05
323,0	6,3051e-05
323,2	5,6962e-05
323,4	5,1461e-05
323,6	4,6491e-05
323,8	4,2001e-05
324,0	3,6601e-05
324,2	3,1523e-05
324,4	2,715e-05
324,6	2,3384e-05
324,8	2,014e-05
325,0	1,7346e-05
325,2	1,494e-05
325,4	1,2867e-05
325,6	1,1082e-05
325,8	9,545e-06
326,0	8,7926e-06
326,2	8,5208e-06
326,4	8,2575e-06
326,6	8,0023e-06
326,8	7,755e-06
327,0	7,5153e-06
327,2	7,2831e-06
327,4	7,058e-06
327,6	6,8398e-06
327,8	6,6285e-06
328,0	6,3285e-06
328,2	5,9029e-06
328,4	5,506e-06
328,6	5,1357e-06
328,8	4,7903e-06
329,0	4,4681e-06
329,2	4,1677e-06
329,4	3,8874e-06
329,6	3,6259e-06
329,8	3,3821e-06
330,0	3,1714e-06
330,2	3,1113e-06
330,4	3,0523e-06
330,6	2,9944e-06
330,8	2,9376e-06
331,0	2,8819e-06
331,2	2,8273e-06
331,4	2,7737e-06
331,6	2,7211e-06
331,8	2,6695e-06
332,0	2,8203e-06
332,2	2,9962e-06
332,4	3,1832e-06
332,6	3,3818e-06
332,8	3,5928e-06
333,0	3,817e-06
333,2	4,0552e-06
333,4	4,3082e-06
333,6	4,577e-06
333,8	4,8626e-06
334,0	5,1316e-06
334,2	5,4033e-06
334,4	5,6895e-06
334,6	5,9908e-06
334,8	6,3081e-06
335,0	6,6422e-06
335,2	6,9939e-06
335,4	7,3643e-06
335,6	7,7544e-06
335,8	8,165e-06
336,0	8,6259e-06
336,2	9,1355e-06
336,4	9,6752e-06
336,6	1,0247e-05
336,8	1,0852e-05
337,0	1,1493e-05
337,2	1,2172e-05
337,4	1,2891e-05
337,6	1,3653e-05
337,8	1,4459e-05
338,0	1,5264e-05
338,2	1,603e-05
338,4	1,6836e-05
338,6	1,7682e-05
338,8	1,857e-05
339,0	1,9503e-05
339,2	2,0483e-05
339,4	2,1512e-05
339,6	2,2593e-05
339,8	2,3728e-05
340,0	2,4787e-05
340,2	2,4733e-05
340,4	2,4679e-05
340,6	2,4625e-05
340,8	2,4572e-05
341,0	2,4519e-05
341,2	2,4465e-05
341,4	2,4412e-05
341,6	2,4359e-05
341,8	2,4306e-05
342,0	2,2888e-05
342,2	2,1486e-05
342,4	2,017e-05
342,6	1,8935e-05
342,8	1,7776e-05
343,0	1,6687e-05
343,2	1,5666e-05
343,4	1,4706e-05
343,6	1,3806e-05
343,8	1,296e-05
344,0	1,1855e-05
344,2	1,0759e-05
344,4	9,7653e-06
344,6	8,8631e-06
344,8	8,0442e-06
345,0	7,301e-06
345,2	6,6264e-06
345,4	6,0142e-06
345,6	5,4585e-06
345,8	4,9542e-06
346,0	4,8286e-06
346,2	4,9401e-06
346,4	5,0542e-06
346,6	5,1709e-06
346,8	5,2902e-06
347,0	5,4124e-06
347,2	5,5374e-06
347,4	5,6652e-06
347,6	5,796e-06
347,8	5,9298e-06
348,0	5,8587e-06
348,2	5,516e-06
348,4	5,1934e-06
348,6	4,8897e-06
348,8	4,6037e-06
349,0	4,3345e-06
349,2	4,081e-06
349,4	3,8423e-06
349,6	3,6176e-06
349,8	3,406e-06
350,0	3,2507e-06
350,2	3,4119e-06
350,4	3,5812e-06
350,6	3,7588e-06
350,8	3,9453e-06
351,0	4,141e-06
351,2	4,3464e-06
351,4	4,562e-06
351,6	4,7883e-06
351,8	5,0258e-06
352,0	4,7197e-06
352,2	4,3895e-06
352,4	4,0825e-06
352,6	3,7969e-06
352,8	3,5313e-06
353,0	3,2843e-06
353,2	3,0545e-06
353,4	2,8408e-06
353,6	2,6421e-06
353,8	2,4573e-06
354,0	2,3763e-06
354,2	2,3288e-06
354,4	2,2822e-06
354,6	2,2366e-06
354,8	2,1919e-06
355,0	2,1481e-06
355,2	2,1052e-06
355,4	2,0631e-06
355,6	2,0219e-06
355,8	1,9815e-06
356,0	1,9399e-06
356,2	1,8979e-06
356,4	1,8568e-06
356,6	1,8166e-06
356,8	1,7773e-06
357,0	1,7388e-06
357,2	1,7011e-06
357,4	1,6643e-06
357,6	1,6282e-06
357,8	1,593e-06
358,0	1,5132e-06
358,2	1,3765e-06
358,4	1,2521e-06
358,6	1,139e-06
358,8	1,0361e-06
359,0	9,425e-07
359,2	8,5735e-07
359,4	7,799e-07
359,6	7,0944e-07
359,8	6,4534e-07
360,0	5,723e-07
360,2	4,2116e-07
360,4	3,0993e-07
360,6	2,2808e-07
360,8	1,6784e-07
361,0	1,2352e-07
361,2	9,0896e-08
361,4	6,6891e-08
361,6	4,9225e-08
361,8	3,6225e-08
362,0	4,3399e-08
362,2	5,3786e-08
362,4	6,6658e-08
362,6	8,2612e-08
362,8	1,0238e-07
363,0	1,2689e-07
363,2	1,5725e-07
363,4	1,9489e-07
363,6	2,4153e-07
363,8	2,9934e-07
364,0	2,9607e-07
364,2	2,7323e-07
364,4	2,5216e-07
364,6	2,3271e-07
364,8	2,1476e-07
365,0	1,9819e-07
365,2	1,8291e-07
365,4	1,688e-07
365,6	1,5578e-07
365,8	1,4376e-07
366,0	1,4828e-07
366,2	1,6497e-07
366,4	1,8354e-07
366,6	2,0419e-07
366,8	2,2717e-07
367,0	2,5273e-07
367,2	2,8118e-07
367,4	3,1282e-07
367,6	3,4802e-07
367,8	3,8719e-07
368,0	5,1482e-07
368,2	8,67e-07
368,4	1,4601e-06
368,6	2,459e-06
368,8	4,1411e-06
369,0	6,974e-06
369,2	1,1745e-05
369,4	1,9779e-05
369,6	3,331e-05
369,8	5,6097e-05
370,0	8,856e-05
370,2	9,2404e-05
370,4	9,6414e-05
370,6	1,006e-04
370,8	1,0497e-04
371,0	1,0952e-04
371,2	1,1427e-04
371,4	1,1923e-04
371,6	1,2441e-04
371,8	1,2981e-04
372,0	1,334e-04
372,2	1,369e-04
372,4	1,4048e-04
372,6	1,4416e-04
372,8	1,4794e-04
373,0	1,5182e-04
373,2	1,558e-04
373,4	1,5988e-04
373,6	1,6407e-04
373,8	1,6837e-04
374,0	1,7278e-04
374,2	1,7731e-04
374,4	1,8196e-04
374,6	1,8277e-04
374,8	1,8302e-04
375,0	1,8328e-04
375,2	1,8353e-04
375,4	1,8379e-04
375,6	1,8405e-04
375,8	1,843e-04
376,0	1,8456e-04
376,2	1,8482e-04
376,4	1,7512e-04
376,6	1,3993e-04
376,8	1,1181e-04
377,0	8,9348e-05
377,2	7,1395e-05
377,4	5,7049e-05
377,6	4,5587e-05
377,8	3,6427e-05
378,0	2,9108e-05
378,2	2,3259e-05
378,4	1,8902e-05
378,6	1,8423e-05
378,8	1,7957e-05
379,0	1,7502e-05
379,2	1,7059e-05
379,4	1,6627e-05
379,6	1,6205e-05
379,8	1,5795e-05
380,0	1,5395e-05
380,2	1,5005e-05
380,4	1,4625e-05
380,6	1,3502e-05
380,8	1,241e-05
381,0	1,1407e-05
381,2	1,0485e-05
381,4	9,6375e-06
381,6	8,8584e-06
381,8	8,1423e-06
382,0	7,4841e-06
382,2	6,8791e-06
382,4	6,323e-06
382,6	5,8118e-06
382,8	5,342e-06
383,0	5,0552e-06
383,2	4,9799e-06
383,4	4,9057e-06
383,6	4,8326e-06
383,8	4,7606e-06
384,0	4,6897e-06
384,2	4,6199e-06
384,4	4,551e-06
384,6	4,4832e-06
384,8	4,4165e-06
385,0	3,1752e-06
385,2	2,8962e-06
385,4	2,6416e-06
385,6	4,4175e-06
385,8	7,4098e-06
386,0	1,1944e-05
386,2	1,8355e-05
386,4	2,8209e-05
386,6	4,8052e-05
386,8	8,165e-05
387,0	8,4662e-05
387,2	8,7784e-05
387,4	6,8755e-05
387,6	3,8995e-05
387,8	2,2116e-05
388,0	1,7551e-05
388,2	1,392e-05
388,4	1,04e-05
388,6	7,7697e-06
388,8	5,7626e-06
389,0	4,2389e-06
389,2	3,118e-06
389,4	2,7078e-06
389,6	2,3537e-06
389,8	2,1792e-06
390,0	2,0176e-06
390,2	1,919e-06
390,4	1,8802e-06
390,6	1,8422e-06
390,8	1,4904e-06
391,0	1,1955e-06
391,2	5,4757e-07
391,4	2,5081e-07
391,6	2,1906e-07
391,8	3,9048e-07
392,0	6,9607e-07
392,2	5,8702e-07
392,4	4,9719e-07
392,6	6,4582e-07
392,8	8,3888e-07
393,0	8,6471e-07
393,2	6,8677e-07
393,4	5,4544e-07
393,6	2,9791e-07
393,8	1,632e-07
394,0	1,6072e-07
394,2	1,5829e-07
394,4	2,0492e-07
394,6	3,634e-07
394,8	6,4443e-07
395,0	8,3956e-07
395,2	1,0938e-06
395,4	1,2547e-06
395,6	1,4394e-06
395,8	1,7709e-06
396,0	2,3653e-06
396,2	3,1592e-06
396,4	3,6629e-06
396,6	4,2469e-06
396,8	4,3628e-06
397,0	4,4792e-06
397,2	4,0518e-06
397,4	3,1589e-06
397,6	2,4627e-06
397,8	2,4811e-06
398,0	2,4997e-06
398,2	2,2934e-06
398,4	2,1022e-06
398,6	1,7363e-06
398,8	1,2628e-06
399,0	9,1835e-07
399,2	1,0031e-06
399,4	1,1056e-06
399,6	1,6334e-06
399,8	2,4132e-06
400,0	2,7956e-06
400,2	2,5271e-06
400,4	2,2844e-06
400,6	3,3067e-06
400,8	4,7845e-06
401,0	6,7483e-06
401,2	9,5183e-06
401,4	1,3736e-05
401,6	2,0319e-05
401,8	3,0056e-05
402,0	4,9331e-05
402,2	8,0796e-05
402,4	8,6971e-05
402,6	9,3618e-05
402,8	7,9202e-05
403,0	5,0786e-05
403,2	3,2566e-05
403,4	2,7804e-05
403,6	2,3739e-05
403,8	1,9372e-05
404,0	1,58e-05
404,2	1,2576e-05
404,4	9,7203e-06
404,6	7,5131e-06
404,8	7,3058e-06
405,0	7,0854e-06
405,2	5,7722e-06
405,4	4,7025e-06
405,6	3,9187e-06
405,8	3,3466e-06
406,0	2,8581e-06
406,2	2,4426e-06
406,4	2,0868e-06
406,6	1,6691e-06
406,8	1,3351e-06
407,0	1,1522e-06
407,2	1,0853e-06
407,4	1,0223e-06
407,6	1,4409e-06
407,8	2,031e-06
408,0	1,4334e-06
408,2	1,0046e-06
408,4	9,5439e-07
408,6	1,3052e-06
408,8	1,7851e-06
409,0	2,1078e-06
409,2	2,4824e-06
409,4	2,5753e-06
409,6	2,6717e-06
409,8	2,8224e-06
410,0	3,041e-06
410,2	3,2765e-06
410,4	3,461e-06
410,6	3,6559e-06
410,8	5,1022e-06
411,0	7,1208e-06
411,2	9,0794e-06
411,4	1,0434e-05
411,6	1,199e-05
411,8	1,5494e-05
412,0	1,9908e-05
412,2	1,9305e-05
412,4	1,872e-05
412,6	1,7979e-05
412,8	1,7093e-05
413,0	1,625e-05
413,2	1,7841e-05
413,4	1,9591e-05
413,6	2,2283e-05
413,8	2,5345e-05
414,0	3,23e-05
414,2	4,6914e-05
414,4	6,8142e-05
414,6	1,2302e-04
414,8	2,2211e-04
415,0	2,3457e-04
415,2	2,4573e-04
415,4	1,7873e-04
415,6	8,2475e-05
415,8	3,8059e-05
416,0	2,5057e-05
416,2	1,6522e-05
416,4	1,2683e-05
416,6	9,7354e-06
416,8	7,1806e-06
417,0	5,0677e-06
417,2	3,5765e-06
417,4	3,3922e-06
417,6	3,2175e-06
417,8	3,0041e-06
418,0	2,8043e-06
418,2	2,5401e-06
418,4	2,2191e-06
418,6	1,9386e-06
418,8	1,9626e-06
419,0	1,9554e-06
419,2	6,8388e-07
419,4	2,3918e-07
419,6	2,0259e-07
419,8	4,4738e-07
420,0	9,8792e-07
420,2	9,0874e-07
420,4	8,359e-07
420,6	1,1832e-06
420,8	1,682e-06
421,0	1,7243e-06
421,2	1,1854e-06
421,4	8,1491e-07
421,6	9,4378e-07
421,8	1,0877e-06
422,0	4,739e-07
422,2	2,0648e-07
422,4	1,6682e-07
422,6	2,7043e-07
422,8	4,384e-07
423,0	2,4058e-07
423,2	1,358e-07
423,4	3,0574e-07
423,6	6,8833e-07
423,8	7,0871e-07
424,0	3,1795e-07
424,2	1,4264e-07
424,4	1,3733e-07
424,6	1,3222e-07
424,8	1,7198e-07
425,0	2,2438e-07
425,2	2,8355e-07
425,4	3,4487e-07
425,6	4,1946e-07
425,8	2,3456e-07
426,0	1,3214e-07
426,2	3,2509e-07
426,4	7,9979e-07
426,6	1,0628e-06
426,8	7,0522e-07
427,0	4,6794e-07
427,2	7,2782e-07
427,4	1,1239e-06
427,6	1,2166e-06
427,8	1,3169e-06
428,0	1,2279e-06
428,2	9,7707e-07
428,4	7,7751e-07
428,6	6,6109e-07
428,8	5,6211e-07
429,0	6,2457e-07
429,2	6,9492e-07
429,4	8,0514e-07
429,6	9,7826e-07
429,8	1,1886e-06
430,0	9,4093e-07
430,2	7,4618e-07
430,4	8,4028e-07
430,6	9,4625e-07
430,8	1,0256e-06
431,0	1,0648e-06
431,2	1,1055e-06
431,4	1,015e-06
431,6	9,374e-07
431,8	1,2743e-06
432,0	1,7324e-06
432,2	2,1015e-06
432,4	2,2531e-06
432,6	2,4157e-06
432,8	2,8741e-06
433,0	3,4502e-06
433,2	5,8648e-06
433,4	9,9692e-06
433,6	1,753e-05
433,8	3,4219e-05
434,0	6,6728e-05
434,2	1,0585e-04
434,4	1,6792e-04
434,6	1,4828e-04
434,8	6,9405e-05
435,0	3,2487e-05
435,2	1,8995e-05
435,4	1,2882e-05
435,6	8,8397e-06
435,8	7,1866e-06
436,0	5,8426e-06
436,2	4,8252e-06
436,4	4,0398e-06
436,6	3,5321e-06
436,8	3,2367e-06
437,0	2,966e-06
437,2	2,7124e-06
437,4	2,4801e-06
437,6	2,2354e-06
437,8	1,9752e-06
438,0	1,7691e-06
438,2	1,6296e-06
438,4	1,5011e-06
438,6	1,2768e-06
438,8	1,064e-06
439,0	8,8273e-07
439,2	7,2336e-07
439,4	6,126e-07
439,6	6,1285e-07
439,8	6,1309e-07
440,0	2,8573e-07
440,2	8,5843e-08
440,4	3,4068e-08
440,6	1,4501e-07
440,8	6,1728e-07
441,0	4,9626e-07
441,2	3,9897e-07
441,4	3,3032e-07
441,6	2,8269e-07
441,8	2,4192e-07
442,0	3,0989e-07
442,2	4,0638e-07
442,4	3,7947e-07
442,6	3,3295e-07
442,8	2,7139e-07
443,0	1,8847e-07
443,2	1,3089e-07
443,4	1,5705e-07
443,6	2,1889e-07
443,8	2,0808e-07
444,0	1,7108e-07
444,2	1,6021e-07
444,4	2,5671e-07
444,6	4,1134e-07
444,8	5,2647e-07
445,0	6,017e-07
445,2	6,3394e-07
445,4	6,2735e-07
445,6	6,2247e-07
445,8	6,5815e-07
446,0	6,9587e-07
446,2	7,5464e-07
446,4	8,3854e-07
446,6	8,6921e-07
446,8	8,1353e-07
447,0	7,6141e-07
447,2	6,3942e-07
447,4	5,2872e-07
447,6	4,7567e-07
447,8	5,0051e-07
448,0	5,2514e-07
448,2	5,4613e-07
448,4	5,6795e-07
448,6	4,9641e-07
448,8	4,0484e-07
449,0	2,7243e-07
449,2	7,8621e-08
449,4	2,9262e-08
449,6	5,9758e-08
449,8	1,2204e-07
450,0	1,7346e-07
450,2	1,9458e-07
450,4	2,0092e-07
450,6	7,4669e-08
450,8	2,7749e-08
451,0	2,6741e-08
451,2	2,654e-08
451,4	2,629e-08
451,6	2,5978e-08
451,8	2,5669e-08
452,0	5,526e-08
452,2	1,2789e-07
452,4	1,628e-07
452,6	1,8013e-07
452,8	2,0401e-07
453,0	2,4495e-07
453,2	2,9411e-07
453,4	3,1491e-07
453,6	3,2488e-07
453,8	1,9904e-07
454,0	9,2107e-08
454,2	4,9616e-08
454,4	8,1429e-08
454,6	1,3364e-07
454,8	1,8095e-07
455,0	2,1495e-07
455,2	2,4968e-07
455,4	2,8432e-07
455,6	3,2356e-07
455,8	3,2239e-07
456,0	3,2123e-07
456,2	3,5128e-07
456,4	4,2574e-07
456,6	4,7694e-07
456,8	4,6865e-07
457,0	4,605e-07
457,2	4,5392e-07
457,4	4,477e-07
457,6	4,3338e-07
457,8	4,0319e-07
458,0	3,8548e-07
458,2	4,0717e-07
458,4	4,3007e-07
458,6	3,6298e-07
458,8	2,7699e-07
459,0	2,2556e-07
459,2	2,5827e-07
459,4	2,9522e-07
459,6	3,2754e-07
459,8	3,6339e-07
460,0	3,6848e-07
460,2	3,4443e-07
460,4	3,2196e-07
460,6	2,2858e-07
460,8	1,6228e-07
461,0	2,073e-07
461,2	2,837e-07
461,4	3,1691e-07
461,6	2,5053e-07
461,8	1,9805e-07
462,0	7,9092e-08
462,2	2,7733e-08
462,4	3,736e-08
462,6	8,076e-08
462,8	1,4374e-07
463,0	1,2581e-07
463,2	1,1011e-07
463,4	1,4117e-07
463,6	2,1573e-07
463,8	2,2813e-07
464,0	1,9344e-07
464,2	1,6581e-07
464,4	1,567e-07
464,6	1,4809e-07
464,8	1,6357e-07
465,0	2,0275e-07
465,2	1,9641e-07
465,4	1,4411e-07
465,6	1,0573e-07
465,8	1,3551e-07
466,0	1,7941e-07
466,2	2,1164e-07
466,4	2,1289e-07
466,6	2,2512e-07
466,8	2,6471e-07
467,0	3,1127e-07
467,2	3,3351e-07
467,4	3,4863e-07
467,6	3,5654e-07
467,8	3,4318e-07
468,0	3,2544e-07
468,2	2,8628e-07
468,4	2,5183e-07
468,6	2,5244e-07
468,8	2,7278e-07
469,0	2,9467e-07
469,2	3,1757e-07
469,4	3,3608e-07
469,6	2,517e-07
469,8	1,8851e-07
470,0	1,9197e-07
470,2	2,5817e-07
470,4	3,4719e-07
470,6	3,8422e-07
470,8	4,252e-07
471,0	3,5529e-07
471,2	2,9251e-07
471,4	2,4052e-07
471,6	1,9742e-07
471,8	1,6205e-07
472,0	1,0292e-07
472,2	6,3534e-08
472,4	4,0601e-08
472,6	2,6111e-08
472,8	2,6171e-08
473,0	6,7343e-08
473,2	1,7329e-07
473,4	1,8559e-07
473,6	1,5856e-07
473,8	1,7889e-07
474,0	2,2255e-07
474,2	2,5661e-07
474,4	2,2422e-07
474,6	1,9592e-07
474,8	2,0505e-07
475,0	2,3274e-07
475,2	2,5207e-07
475,4	2,6591e-07
475,6	2,8236e-07
475,8	3,1539e-07
476,0	3,5228e-07
476,2	3,3204e-07
476,4	2,7813e-07
476,6	2,9193e-07
476,8	3,7132e-07
477,0	4,6954e-07
477,2	4,0458e-07
477,4	3,4861e-07
477,6	3,5544e-07
477,8	4,3177e-07
478,0	5,0783e-07
478,2	5,7275e-07
478,4	6,4596e-07
478,6	6,3715e-07
478,8	6,2018e-07
479,0	6,5603e-07
479,2	7,9258e-07
479,4	8,8752e-07
479,6	8,5475e-07
479,8	8,2319e-07
480,0	9,1854e-07
480,2	1,0609e-06
480,4	1,1989e-06
480,6	1,2824e-06
480,8	1,3661e-06
481,0	1,4363e-06
481,2	1,51e-06
481,4	1,4791e-06
481,6	1,4095e-06
481,8	1,3506e-06
482,0	1,3236e-06
482,2	1,2894e-06
482,4	1,2118e-06
482,6	1,1389e-06
482,8	1,0452e-06
483,0	9,4527e-07
483,2	8,5566e-07
483,4	7,8082e-07
483,6	7,1112e-07
483,8	5,688e-07
484,0	4,5496e-07
484,2	3,8844e-07
484,4	3,5493e-07
484,6	3,2432e-07
484,8	3,8069e-07
485,0	4,5094e-07
485,2	4,4329e-07
485,4	4,2876e-07
485,6	4,0943e-07
485,8	3,8353e-07
486,0	3,5927e-07
486,2	3,4893e-07
486,4	3,4065e-07
486,6	3,2821e-07
486,8	3,1534e-07
487,0	3,045e-07
487,2	2,975e-07
487,4	2,9066e-07
487,6	3,3679e-07
487,8	4,0947e-07
488,0	3,971e-07
488,2	3,557e-07
488,4	3,3244e-07
488,6	3,6287e-07
488,8	3,9607e-07
489,0	3,643e-07
489,2	3,1027e-07
489,4	3,17e-07
489,6	3,588e-07
489,8	4,0514e-07
490,0	4,495e-07
490,2	4,9872e-07
490,4	5,306e-07
490,6	5,4865e-07
490,8	5,5068e-07
491,0	5,3745e-07
491,2	5,2454e-07
491,4	6,058e-07
491,6	7,0084e-07
491,8	7,1896e-07
492,0	6,4403e-07
492,2	6,3095e-07
492,4	6,9603e-07
492,6	7,6782e-07
492,8	8,3398e-07
493,0	9,0447e-07
493,2	9,839e-07
493,4	1,0755e-06
493,6	1,1457e-06
493,8	1,1632e-06
494,0	1,1809e-06
494,2	1,1995e-06
494,4	1,2186e-06
494,6	1,2802e-06
494,8	1,452e-06
495,0	1,6198e-06
495,2	1,7039e-06
495,4	1,7923e-06
495,6	1,8264e-06
495,8	1,8362e-06
496,0	1,8687e-06
496,2	2,0113e-06
496,4	2,1631e-06
496,6	2,315e-06
496,8	2,4777e-06
497,0	2,6541e-06
497,2	2,8445e-06
497,4	3,0455e-06
497,6	3,2299e-06
497,8	3,4255e-06
498,0	3,5523e-06
498,2	3,6644e-06
498,4	4,0383e-06
498,6	4,5749e-06
498,8	4,9961e-06
499,0	5,3269e-06
499,2	5,6795e-06
499,4	6,2706e-06
499,6	6,9415e-06
499,8	7,6736e-06
500,0	8,4662e-06
500,2	9,3407e-06
500,4	1,0306e-05
500,6	1,1371e-05
500,8	1,2704e-05
501,0	1,4232e-05
501,2	1,5979e-05
501,4	1,8033e-05
501,6	2,035e-05
501,8	2,299e-05
502,0	2,598e-05
502,2	2,9238e-05
502,4	3,2859e-05
502,6	3,684e-05
502,8	4,0958e-05
503,0	4,5537e-05
503,2	4,9584e-05
503,4	5,3512e-05
503,6	5,6718e-05
503,8	5,9483e-05
504,0	6,2043e-05
504,2	6,1924e-05
504,4	6,1805e-05
504,6	6,0489e-05
504,8	5,84e-05
505,0	5,5578e-05
505,2	5,2181e-05
505,4	4,8991e-05
505,6	4,4975e-05
505,8	4,1284e-05
506,0	3,7752e-05
506,2	3,4378e-05
506,4	3,149e-05
506,6	2,9059e-05
506,8	2,6815e-05
507,0	2,4774e-05
507,2	2,2891e-05
507,4	2,1285e-05
507,6	1,9976e-05
507,8	1,8751e-05
508,0	1,7608e-05
508,2	1,6535e-05
508,4	1,5653e-05
508,6	1,4847e-05
508,8	1,4165e-05
509,0	1,3708e-05
509,2	1,3256e-05
509,4	1,2784e-05
509,6	1,2328e-05
509,8	1,2018e-05
510,0	1,1773e-05
510,2	1,1548e-05
510,4	1,1402e-05
510,6	1,1306e-05
510,8	1,1176e-05
511,0	1,1144e-05
511,2	1,1599e-05
511,4	1,1439e-05
511,6	1,1578e-05
511,8	1,1916e-05
512,0	1,2396e-05
512,2	1,303e-05
512,4	1,31e-05
512,6	1,3487e-05
512,8	1,419e-05
513,0	1,5004e-05
513,2	1,5893e-05
513,4	1,6827e-05
513,6	1,7888e-05
513,8	1,8931e-05
514,0	2,0898e-05
514,2	2,2794e-05
514,4	2,4372e-05
514,6	2,6885e-05
514,8	3,0471e-05
515,0	3,4129e-05
515,2	3,8189e-05
515,4	4,3026e-05
515,6	4,8292e-05
515,8	5,4937e-05
516,0	6,3228e-05
516,2	7,3078e-05
516,4	8,4333e-05
516,6	9,7318e-05
516,8	1,1216e-04
517,0	1,2778e-04
517,2	1,4455e-04
517,4	1,6144e-04
517,6	1,7657e-04
517,8	1,8761e-04
518,0	1,9543e-04
518,2	1,9493e-04
518,4	1,9246e-04
518,6	1,867e-04
518,8	1,7629e-04
519,0	1,6795e-04
519,2	1,5627e-04
519,4	1,4902e-04
519,6	1,3928e-04
519,8	1,3012e-04
520,0	1,2379e-04
520,2	1,1706e-04
520,4	1,1132e-04
520,6	1,0678e-04
520,8	1,0421e-04
521,0	9,9373e-05
521,2	9,5497e-05
521,4	9,2935e-05
521,6	9,1274e-05
521,8	8,8509e-05
522,0	8,6735e-05
522,2	8,5241e-05
522,4	8,3086e-05
522,6	8,1827e-05
522,8	7,9984e-05
523,0	7,8419e-05
523,2	7,6226e-05
523,4	7,4474e-05
523,6	7,2602e-05
523,8	7,0732e-05
524,0	6,9018e-05
524,2	6,7388e-05
524,4	6,5636e-05
524,6	6,3187e-05
524,8	6,1491e-05
525,0	6,0008e-05
525,2	5,7655e-05
525,4	5,6632e-05
525,6	5,5165e-05
525,8	5,3677e-05
526,0	5,3446e-05
526,2	5,185e-05
526,4	5,1002e-05
526,6	5,0465e-05
526,8	4,9285e-05
527,0	5,0015e-05
527,2	5,0611e-05
527,4	5,0083e-05
527,6	5,0213e-05
527,8	5,1166e-05
528,0	5,1868e-05
528,2	5,292e-05
528,4	5,4637e-05
528,6	5,6131e-05
528,8	5,873e-05
529,0	6,179e-05
529,2	6,5026e-05
529,4	6,8519e-05
529,6	7,42e-05
529,8	7,9627e-05
530,0	8,6311e-05
530,2	9,3632e-05
530,4	1,0372e-04
530,6	1,1562e-04
530,8	1,279e-04
531,0	1,4397e-04
531,2	1,6089e-04
531,4	1,7947e-04
531,6	2,0007e-04
531,8	2,1991e-04
532,0	2,3465e-04
532,2	2,44e-04
532,4	2,4441e-04
532,6	2,37e-04
532,8	2,2192e-04
533,0	2,0106e-04
533,2	1,7948e-04
533,4	1,5709e-04
533,6	1,3562e-04
533,8	1,1771e-04
534,0	1,0294e-04
534,2	8,9692e-05
534,4	7,8401e-05
534,6	6,8591e-05
534,8	6,0967e-05
535,0	5,4804e-05
535,2	4,9641e-05
535,4	4,5138e-05
535,6	4,1096e-05
535,8	3,7646e-05
536,0	3,4533e-05
536,2	3,1985e-05
536,4	2,9923e-05
536,6	2,8169e-05
536,8	2,681e-05
537,0	2,5625e-05
537,2	2,4645e-05
537,4	2,36e-05
537,6	2,2752e-05
537,8	2,2124e-05
538,0	2,1448e-05
538,2	2,1487e-05
538,4	2,0672e-05
538,6	2,0303e-05
538,8	2,0482e-05
539,0	2,0453e-05
539,2	2,0334e-05
539,4	2,0455e-05
539,6	2,0639e-05
539,8	2,0817e-05
540,0	2,1108e-05
540,2	2,1689e-05
540,4	2,1824e-05
540,6	2,2418e-05
540,8	2,3338e-05
541,0	2,3912e-05
541,2	2,5498e-05
541,4	2,6162e-05
541,6	2,7469e-05
541,8	2,8921e-05
542,0	3,0254e-05
542,2	3,1626e-05
542,4	3,3766e-05
542,6	3,6209e-05
542,8	3,872e-05
543,0	4,1259e-05
543,2	4,4344e-05
543,4	4,7869e-05
543,6	5,0851e-05
543,8	5,559e-05
544,0	6,0037e-05
544,2	6,4262e-05
544,4	6,9009e-05
544,6	7,3861e-05
544,8	7,9001e-05
545,0	8,415e-05
545,2	8,8414e-05
545,4	9,2076e-05
545,6	9,5195e-05
545,8	9,7899e-05
546,0	9,9449e-05
546,2	9,9694e-05
546,4	9,8482e-05
546,6	9,6673e-05
546,8	9,4795e-05
547,0	9,0951e-05
547,2	8,6907e-05
547,4	8,3442e-05
547,6	7,9537e-05
547,8	7,5836e-05
548,0	7,1951e-05
548,2	6,8862e-05
548,4	6,6524e-05
548,6	6,3421e-05
548,8	6,0681e-05
549,0	5,7938e-05
549,2	5,6639e-05
549,4	5,4959e-05
549,6	5,3037e-05
549,8	5,1212e-05
550,0	4,9841e-05
550,2	4,9356e-05
550,4	4,8368e-05
550,6	4,6924e-05
550,8	4,6325e-05
551,0	4,629e-05
551,2	4,5083e-05
551,4	4,5532e-05
551,6	4,5999e-05
551,8	4,57e-05
552,0	4,6036e-05
552,2	4,6469e-05
552,4	4,681e-05
552,6	4,7073e-05
552,8	4,8483e-05
553,0	4,9322e-05
553,2	5,0385e-05
553,4	5,176e-05
553,6	5,3305e-05
553,8	5,5003e-05
554,0	5,6938e-05
554,2	5,8936e-05
554,4	6,1292e-05
554,6	6,3551e-05
554,8	6,6826e-05
555,0	7,0391e-05
555,2	7,3699e-05
555,4	7,6616e-05
555,6	8,1756e-05
555,8	8,6914e-05
556,0	9,0915e-05
556,2	9,7583e-05
556,4	1,0352e-04
556,6	1,1067e-04
556,8	1,1856e-04
557,0	1,2746e-04
557,2	1,3741e-04
557,4	1,4829e-04
557,6	1,6057e-04
557,8	1,7342e-04
558,0	1,8979e-04
558,2	2,0702e-04
558,4	2,2437e-04
558,6	2,4217e-04
558,8	2,6566e-04
559,0	2,9496e-04
559,2	3,2712e-04
559,4	3,6425e-04
559,6	4,0419e-04
559,8	4,5111e-04
560,0	5,1091e-04
560,2	5,7586e-04
560,4	6,4851e-04
560,6	7,3389e-04
560,8	8,3702e-04
561,0	9,546e-04
561,2	0,0011
561,4	0,0013
561,6	0,0015
561,8	0,00175
562,0	0,00203
562,2	0,00237
562,4	0,00279
562,6	0,00328
562,8	0,00392
563,0	0,00466
563,2	0,00558
563,4	0,00673
563,6	0,00807
563,8	0,00978
564,0	0,01194
564,2	0,01361
564,4	0,01675
564,6	0,02074
564,8	0,02578
565,0	0,03219
565,2	0,0405
565,4	0,05119
565,6	0,06579
565,8	0,08368
566,0	0,10679
566,2	0,13641
566,4	0,17372
566,6	0,22035
566,8	0,2773
567,0	0,34357
567,2	0,41978
567,4	0,50165
567,6	0,58543
567,8	0,66477
568,0	0,73604
568,2	0,79411
568,4	0,84323
568,6	0,8763
568,8	0,89879
569,0	0,91367
569,2	0,92177
569,4	0,92694
569,6	0,92922
569,8	0,9308
570,0	0,93128
570,2	0,93182
570,4	0,93195
570,6	0,93223
570,8	0,93295
571,0	0,93391
571,2	0,93622
571,4	0,93796
571,6	0,94088
571,8	0,94305
572,0	0,94598
572,2	0,94885
572,4	0,95163
572,6	0,95441
572,8	0,95686
573,0	0,95849
573,2	0,96046
573,4	0,96173
573,6	0,96216
573,8	0,96195
574,0	0,9616
574,2	0,95998
574,4	0,95754
574,6	0,955
574,8	0,95301
575,0	0,94972
575,2	0,94643
575,4	0,94408
575,6	0,94127
575,8	0,93896
576,0	0,93713
576,2	0,93562
576,4	0,93491
576,6	0,93466
576,8	0,93531
577,0	0,93617
577,2	0,93767
577,4	0,93971
577,6	0,94203
577,8	0,94417
578,0	0,94682
578,2	0,94941
578,4	0,95109
578,6	0,95223
578,8	0,95233
579,0	0,9515
579,2	0,94956
579,4	0,94702
579,6	0,94402
579,8	0,93983
580,0	0,93505
580,2	0,92988
580,4	0,92381
580,6	0,91889
580,8	0,9142
581,0	0,90985
581,2	0,90623
581,4	0,90391
581,6	0,90319
581,8	0,90309
582,0	0,9051
582,2	0,90873
582,4	0,91454
582,6	0,92101
582,8	0,92881
583,0	0,93693
583,2	0,94478
583,4	0,95245
583,6	0,95797
583,8	0,9597
584,0	0,95597
584,2	0,94661
584,4	0,92924
584,6	0,9038
584,8	0,8697
585,0	0,82713
585,2	0,77758
585,4	0,72194
585,6	0,66408
585,8	0,6047
586,0	0,54665
586,2	0,49033
586,4	0,43742
586,6	0,38852
586,8	0,34409
587,0	0,30362
587,2	0,26717
587,4	0,23489
587,6	0,20639
587,8	0,18102
588,0	0,15863
588,2	0,13969
588,4	0,12204
588,6	0,10657
588,8	0,09305
589,0	0,0812
589,2	0,07083
589,4	0,06166
589,6	0,05444
589,8	0,04732
590,0	0,04117
590,2	0,03575
590,4	0,03111
590,6	0,02706
590,8	0,02354
591,0	0,02078
591,2	0,01812
591,4	0,0158
591,6	0,01378
591,8	0,01206
592,0	0,01058
592,2	0,00927
592,4	0,0085
592,6	0,00748
592,8	0,0066
593,0	0,00582
593,2	0,00517
593,4	0,00457
593,6	0,00409
593,8	0,00353
594,0	0,00317
594,2	0,00284
594,4	0,00254
594,6	0,00229
594,8	0,00206
595,0	0,00186
595,2	0,00164
595,4	0,0015
595,6	0,00136
595,8	0,00124
596,0	0,00114
596,2	0,00104
596,4	9,5948e-04
596,6	8,6268e-04
596,8	7,9461e-04
597,0	7,3753e-04
597,2	6,8378e-04
597,4	6,3647e-04
597,6	5,9015e-04
597,8	5,5223e-04
598,0	5,1597e-04
598,2	4,8317e-04
598,4	4,549e-04
598,6	4,2779e-04
598,8	4,0377e-04
599,0	3,7912e-04
599,2	3,5885e-04
599,4	3,5019e-04
599,6	3,3739e-04
599,8	3,2152e-04
600,0	3,0694e-04
600,2	2,9325e-04
600,4	2,8e-04
600,6	2,6726e-04
600,8	2,5603e-04
601,0	2,4814e-04
601,2	2,395e-04
601,4	2,319e-04
601,6	2,2446e-04
601,8	2,1822e-04
602,0	2,1124e-04
602,2	2,0502e-04
602,4	1,9949e-04
602,6	1,9602e-04
602,8	1,9315e-04
603,0	1,8879e-04
603,2	1,856e-04
603,4	1,817e-04
603,6	1,8045e-04
603,8	1,7676e-04
604,0	1,7619e-04
604,2	1,7435e-04
604,4	1,7441e-04
604,6	1,7313e-04
604,8	1,7207e-04
605,0	1,7157e-04
605,2	1,7232e-04
605,4	1,7269e-04
605,6	1,7317e-04
605,8	1,7476e-04
606,0	1,7588e-04
606,2	1,7716e-04
606,4	1,7971e-04
606,6	1,8308e-04
606,8	1,8577e-04
607,0	1,8973e-04
607,2	1,9412e-04
607,4	1,9819e-04
607,6	2,0272e-04
607,8	2,0788e-04
608,0	2,1354e-04
608,2	2,2256e-04
608,4	2,2886e-04
608,6	2,3603e-04
608,8	2,4431e-04
609,0	2,5425e-04
609,2	2,6352e-04
609,4	2,7303e-04
609,6	2,8588e-04
609,8	2,9826e-04
610,0	3,1191e-04
610,2	3,2603e-04
610,4	3,3915e-04
610,6	3,4694e-04
610,8	3,5864e-04
611,0	3,7161e-04
611,2	3,9223e-04
611,4	4,0608e-04
611,6	4,2308e-04
611,8	4,3893e-04
612,0	4,5624e-04
612,2	4,6912e-04
612,4	4,8444e-04
612,6	4,9843e-04
612,8	5,1153e-04
613,0	5,1745e-04
613,2	5,2547e-04
613,4	5,2913e-04
613,6	5,3078e-04
613,8	5,2994e-04
614,0	5,2527e-04
614,2	5,2038e-04
614,4	5,1237e-04
614,6	5,0066e-04
614,8	4,8672e-04
615,0	4,7756e-04
615,2	4,6169e-04
615,4	4,5146e-04
615,6	4,3543e-04
615,8	4,2671e-04
616,0	4,113e-04
616,2	3,9742e-04
616,4	4,0255e-04
616,6	3,9026e-04
616,8	3,7847e-04
617,0	3,6864e-04
617,2	3,5907e-04
617,4	3,4963e-04
617,6	3,4043e-04
617,8	3,3243e-04
618,0	3,267e-04
618,2	3,2107e-04
618,4	3,1615e-04
618,6	3,1144e-04
618,8	3,0684e-04
619,0	3,0241e-04
619,2	3,0109e-04
619,4	2,9928e-04
619,6	2,9732e-04
619,8	2,9642e-04
620,0	2,9483e-04
620,2	2,9579e-04
620,4	2,9769e-04
620,6	2,9799e-04
620,8	3,0204e-04
621,0	3,0614e-04
621,2	3,1044e-04
621,4	3,1486e-04
621,6	3,1948e-04
621,8	3,2468e-04
622,0	3,2997e-04
622,2	3,3815e-04
622,4	3,4661e-04
622,6	3,5512e-04
622,8	3,6381e-04
623,0	3,6864e-04
623,2	3,7253e-04
623,4	3,7962e-04
623,6	3,9317e-04
623,8	4,0512e-04
624,0	4,2125e-04
624,2	4,3164e-04
624,4	4,4781e-04
624,6	4,6539e-04
624,8	4,8458e-04
625,0	5,0084e-04
625,2	5,1382e-04
625,4	5,332e-04
625,6	5,5213e-04
625,8	5,7113e-04
626,0	5,8483e-04
626,2	6,0357e-04
626,4	6,2165e-04
626,6	6,3348e-04
626,8	6,4326e-04
627,0	6,5632e-04
627,2	6,636e-04
627,4	6,7539e-04
627,6	6,8078e-04
627,8	6,867e-04
628,0	6,8837e-04
628,2	6,9231e-04
628,4	6,9143e-04
628,6	6,8699e-04
628,8	6,8448e-04
629,0	6,8049e-04
629,2	6,7476e-04
629,4	6,6991e-04
629,6	6,6292e-04
629,8	6,5664e-04
630,0	6,4888e-04
630,2	6,4059e-04
630,4	6,3727e-04
630,6	6,2709e-04
630,8	6,2338e-04
631,0	6,1863e-04
631,2	6,1236e-04
631,4	6,0901e-04
631,6	6,0175e-04
631,8	5,9475e-04
632,0	5,9158e-04
632,2	5,8628e-04
632,4	5,8373e-04
632,6	5,7796e-04
632,8	5,7373e-04
633,0	5,6874e-04
633,2	5,6638e-04
633,4	5,5818e-04
633,6	5,5592e-04
633,8	5,4893e-04
634,0	5,376e-04
634,2	5,2803e-04
634,4	5,1951e-04
634,6	5,1193e-04
634,8	4,9734e-04
635,0	4,8851e-04
635,2	4,7153e-04
635,4	4,5485e-04
635,6	4,3863e-04
635,8	4,2284e-04
636,0	4,052e-04
636,2	3,8775e-04
636,4	3,6826e-04
636,6	3,5178e-04
636,8	3,3298e-04
637,0	3,1269e-04
637,2	2,9956e-04
637,4	2,8427e-04
637,6	2,7468e-04
637,8	2,5708e-04
638,0	2,435e-04
638,2	2,2918e-04
638,4	2,1494e-04
638,6	2,0222e-04
638,8	1,8799e-04
639,0	1,7595e-04
639,2	1,6536e-04
639,4	1,5647e-04
639,6	1,4623e-04
639,8	1,3911e-04
640,0	1,313e-04
640,2	1,2399e-04
640,4	1,1752e-04
640,6	1,1104e-04
640,8	1,0637e-04
641,0	1,0077e-04
641,2	9,5685e-05
641,4	9,1312e-05
641,6	8,7475e-05
641,8	8,4095e-05
642,0	7,9322e-05
642,2	7,5945e-05
642,4	7,3275e-05
642,6	7,0419e-05
642,8	6,8103e-05
643,0	6,5403e-05
643,2	6,2822e-05
643,4	6,0903e-05
643,6	5,9669e-05
643,8	5,698e-05
644,0	5,5905e-05
644,2	5,4077e-05
644,4	5,2627e-05
644,6	5,1523e-05
644,8	5,0207e-05
645,0	4,9055e-05
645,2	4,8102e-05
645,4	4,7149e-05
645,6	4,6778e-05
645,8	4,5838e-05
646,0	4,5914e-05
646,2	4,5204e-05
646,4	4,3999e-05
646,6	4,3046e-05
646,8	4,2899e-05
647,0	4,2637e-05
647,2	4,2428e-05
647,4	4,2414e-05
647,6	4,2304e-05
647,8	4,2109e-05
648,0	4,1872e-05
648,2	4,1401e-05
648,4	4,1789e-05
648,6	4,216e-05
648,8	4,239e-05
649,0	4,241e-05
649,2	4,2383e-05
649,4	4,2522e-05
649,6	4,3171e-05
649,8	4,376e-05
650,0	4,4335e-05
650,2	4,4879e-05
650,4	4,5389e-05
650,6	4,6147e-05
650,8	4,7181e-05
651,0	4,8022e-05
651,2	4,8628e-05
651,4	4,995e-05
651,6	5,1267e-05
651,8	5,2181e-05
652,0	5,2943e-05
652,2	5,4299e-05
652,4	5,5492e-05
652,6	5,7224e-05
652,8	5,921e-05
653,0	6,1503e-05
653,2	6,2213e-05
653,4	6,4064e-05
653,6	6,6072e-05
653,8	6,9216e-05
654,0	7,1325e-05
654,2	7,3591e-05
654,4	7,6378e-05
654,6	7,9373e-05
654,8	8,2594e-05
655,0	8,5158e-05
655,2	8,8193e-05
655,4	9,228e-05
655,6	9,6615e-05
655,8	1,0113e-04
656,0	1,0536e-04
656,2	1,0957e-04
656,4	1,1434e-04
656,6	1,1952e-04
656,8	1,2528e-04
657,0	1,2999e-04
657,2	1,3656e-04
657,4	1,4369e-04
657,6	1,5064e-04
657,8	1,5763e-04
658,0	1,6437e-04
658,2	1,733e-04
658,4	1,8196e-04
658,6	1,8993e-04
658,8	2,0004e-04
659,0	2,0969e-04
659,2	2,194e-04
659,4	2,3014e-04
659,6	2,387e-04
659,8	2,5178e-04
660,0	2,6185e-04
660,2	2,7192e-04
660,4	2,8693e-04
660,6	3,0115e-04
660,8	3,1414e-04
661,0	3,2843e-04
661,2	3,4255e-04
661,4	3,4449e-04
661,6	3,5827e-04
661,8	3,7415e-04
662,0	3,8907e-04
662,2	4,069e-04
662,4	4,2362e-04
662,6	4,441e-04
662,8	4,6115e-04
663,0	4,8173e-04
663,2	5,0099e-04
663,4	5,218e-04
663,6	5,3926e-04
663,8	5,5685e-04
664,0	5,7606e-04
664,2	5,9317e-04
664,4	6,0964e-04
664,6	6,2384e-04
664,8	6,3493e-04
665,0	6,4486e-04
665,2	6,5107e-04
665,4	6,5592e-04
665,6	6,4949e-04
665,8	6,4521e-04
666,0	6,3448e-04
666,2	6,2158e-04
666,4	6,0633e-04
666,6	5,8829e-04
666,8	5,6698e-04
667,0	5,4288e-04
667,2	5,1737e-04
667,4	4,9177e-04
667,6	4,6638e-04
667,8	4,375e-04
668,0	4,1264e-04
668,2	3,8695e-04
668,4	3,6708e-04
668,6	3,513e-04
668,8	3,2893e-04
669,0	3,0912e-04
669,2	2,8881e-04
669,4	2,6948e-04
669,6	2,5258e-04
669,8	2,3653e-04
670,0	2,2042e-04
670,2	2,0695e-04
670,4	1,9468e-04
670,6	1,8298e-04
670,8	1,7289e-04
671,0	1,6405e-04
671,2	1,5395e-04
671,4	1,4503e-04
671,6	1,3791e-04
671,8	1,303e-04
672,0	1,25e-04
672,2	1,1821e-04
672,4	1,1258e-04
672,6	1,0753e-04
672,8	1,0294e-04
673,0	9,852e-05
673,2	9,4611e-05
673,4	9,1173e-05
673,6	8,7745e-05
673,8	8,4392e-05
674,0	8,1687e-05
674,2	7,9009e-05
674,4	7,6284e-05
674,6	7,3688e-05
674,8	7,175e-05
675,0	6,9363e-05
675,2	6,8282e-05
675,4	6,6534e-05
675,6	6,4715e-05
675,8	6,3096e-05
676,0	6,1749e-05
676,2	6,0658e-05
676,4	5,9371e-05
676,6	5,8475e-05
676,8	5,7639e-05
677,0	5,6646e-05
677,2	5,5697e-05
677,4	5,4931e-05
677,6	5,4334e-05
677,8	5,3946e-05
678,0	5,3612e-05
678,2	5,3061e-05
678,4	5,2447e-05
678,6	5,2316e-05
678,8	5,2319e-05
679,0	5,1746e-05
679,2	5,2226e-05
679,4	5,2007e-05
679,6	5,1969e-05
679,8	5,2077e-05
680,0	5,2239e-05
680,2	5,2459e-05
680,4	5,2289e-05
680,6	5,3552e-05
680,8	5,3657e-05
681,0	5,3474e-05
681,2	5,3517e-05
681,4	5,3975e-05
681,6	5,473e-05
681,8	5,5665e-05
682,0	5,699e-05
682,2	5,7402e-05
682,4	5,7668e-05
682,6	5,8538e-05
682,8	5,9478e-05
683,0	6,1035e-05
683,2	6,1592e-05
683,4	6,3075e-05
683,6	6,4121e-05
683,8	6,498e-05
684,0	6,534e-05
684,2	6,6561e-05
684,4	6,88e-05
684,6	6,9949e-05
684,8	7,0586e-05
685,0	7,2449e-05
685,2	7,4804e-05
685,4	7,6437e-05
685,6	7,7574e-05
685,8	8,0314e-05
686,0	8,1825e-05
686,2	8,4281e-05
686,4	8,5881e-05
686,6	8,8523e-05
686,8	9,0531e-05
687,0	9,1911e-05
687,2	9,4827e-05
687,4	9,8257e-05
687,6	1,0074e-04
687,8	1,0293e-04
688,0	1,0577e-04
688,2	1,0851e-04
688,4	1,1115e-04
688,6	1,1315e-04
688,8	1,171e-04
689,0	1,1968e-04
689,2	1,2296e-04
689,4	1,2693e-04
689,6	1,2977e-04
689,8	1,329e-04
690,0	1,3687e-04
690,2	1,4185e-04
690,4	1,4544e-04
690,6	1,4934e-04
690,8	1,5281e-04
691,0	1,5811e-04
691,2	1,6316e-04
691,4	1,6757e-04
691,6	1,7267e-04
691,8	1,7839e-04
692,0	1,8449e-04
692,2	1,8976e-04
692,4	1,9578e-04
692,6	2,0217e-04
692,8	2,0987e-04
693,0	2,1685e-04
693,2	2,2622e-04
693,4	2,3677e-04
693,6	2,4675e-04
693,8	2,5793e-04
694,0	2,6947e-04
694,2	2,8255e-04
694,4	2,9578e-04
694,6	3,1034e-04
694,8	3,2715e-04
695,0	3,4332e-04
695,2	3,5741e-04
695,4	3,7351e-04
695,6	3,9043e-04
695,8	4,1558e-04
696,0	4,3938e-04
696,2	4,6376e-04
696,4	4,9458e-04
696,6	5,2172e-04
696,8	5,5174e-04
697,0	5,7641e-04
697,2	6,065e-04
697,4	6,3025e-04
697,6	6,4544e-04
697,8	6,6037e-04
698,0	6,6973e-04
698,2	6,6515e-04
698,4	6,6539e-04
698,6	6,4439e-04
698,8	6,2113e-04
699,0	5,9538e-04
699,2	5,6037e-04
699,4	5,237e-04
699,6	4,8597e-04
699,8	4,4811e-04
700,0	4,0836e-04
700,2	3,7559e-04
700,4	3,4138e-04
700,6	3,1217e-04
700,8	2,8343e-04
701,0	2,6673e-04
701,2	2,4236e-04
701,4	2,2227e-04
701,6	2,0226e-04
701,8	1,8551e-04
702,0	1,7045e-04
702,2	1,5687e-04
702,4	1,4378e-04
702,6	1,3314e-04
702,8	1,2288e-04
703,0	1,1344e-04
703,2	1,0605e-04
703,4	9,8288e-05
703,6	9,2409e-05
703,8	8,5839e-05
704,0	8,0559e-05
704,2	7,5842e-05
704,4	7,1058e-05
704,6	6,738e-05
704,8	6,316e-05
705,0	5,9884e-05
705,2	5,7048e-05
705,4	5,3479e-05
705,6	5,0348e-05
705,8	4,8579e-05
706,0	4,6313e-05
706,2	4,3851e-05
706,4	4,1761e-05
706,6	4,0187e-05
706,8	3,8495e-05
707,0	3,6545e-05
707,2	3,4685e-05
707,4	3,4112e-05
707,6	3,2877e-05
707,8	3,1659e-05
708,0	3,0485e-05
708,2	2,9243e-05
708,4	2,8148e-05
708,6	2,7388e-05
708,8	2,6387e-05
709,0	2,5397e-05
709,2	2,4752e-05
709,4	2,4073e-05
709,6	2,325e-05
709,8	2,2757e-05
710,0	2,2021e-05
710,2	2,1221e-05
710,4	2,0825e-05
710,6	2,0517e-05
710,8	2,0085e-05
711,0	1,9663e-05
711,2	1,9234e-05
711,4	1,8466e-05
711,6	1,7939e-05
711,8	1,7635e-05
712,0	1,7438e-05
712,2	1,7068e-05
712,4	1,657e-05
712,6	1,6408e-05
712,8	1,6076e-05
713,0	1,5705e-05
713,2	1,5327e-05
713,4	1,496e-05
713,6	1,4596e-05
713,8	1,4329e-05
714,0	1,4382e-05
714,2	1,4108e-05
714,4	1,358e-05
714,6	1,3262e-05
714,8	1,3128e-05
715,0	1,2822e-05
715,2	1,239e-05
715,4	1,2182e-05
715,6	1,2013e-05
715,8	1,1993e-05
716,0	1,1746e-05
716,2	1,1371e-05
716,4	1,1357e-05
716,6	1,1266e-05
716,8	1,0691e-05
717,0	1,0569e-05
717,2	1,0358e-05
717,4	1,0111e-05
717,6	9,8729e-06
717,8	9,6333e-06
718,0	9,3387e-06
718,2	9,2103e-06
718,4	8,8482e-06
718,6	8,842e-06
718,8	8,7028e-06
719,0	8,4053e-06
719,2	8,2957e-06
719,4	8,2614e-06
719,6	8,0128e-06
719,8	7,9239e-06
720,0	7,7365e-06
720,2	7,1329e-06
720,4	6,9999e-06
720,6	6,8694e-06
720,8	6,7413e-06
721,0	6,6156e-06
721,2	6,4923e-06
721,4	6,3712e-06
721,6	6,2525e-06
721,8	6,1359e-06
722,0	6,0215e-06
722,2	5,8885e-06
722,4	5,7514e-06
722,6	5,6174e-06
722,8	5,4866e-06
723,0	5,3588e-06
723,2	5,2339e-06
723,4	5,112e-06
723,6	4,993e-06
723,8	4,8767e-06
724,0	4,7631e-06
724,2	4,6605e-06
724,4	4,5622e-06
724,6	4,4661e-06
724,8	4,3719e-06
725,0	4,2797e-06
725,2	4,1895e-06
725,4	4,1012e-06
725,6	4,0148e-06
725,8	3,9301e-06
726,0	3,8473e-06
726,2	3,786e-06
726,4	3,7293e-06
726,6	3,6735e-06
726,8	3,6185e-06
727,0	3,5643e-06
727,2	3,5109e-06
727,4	3,4583e-06
727,6	3,4065e-06
727,8	3,3555e-06
728,0	3,3053e-06
728,2	3,2342e-06
728,4	3,1623e-06
728,6	3,092e-06
728,8	3,0232e-06
729,0	2,956e-06
729,2	2,8903e-06
729,4	2,826e-06
729,6	2,7632e-06
729,8	2,7018e-06
730,0	2,6417e-06
730,2	2,6364e-06
730,4	2,6419e-06
730,6	2,6473e-06
730,8	2,6528e-06
731,0	2,6582e-06
731,2	2,6637e-06
731,4	2,6692e-06
731,6	2,6747e-06
731,8	2,6802e-06
732,0	2,6858e-06
732,2	2,6869e-06
732,4	2,6863e-06
732,6	2,6857e-06
732,8	2,6851e-06
733,0	2,6844e-06
733,2	2,6838e-06
733,4	2,6832e-06
733,6	2,6826e-06
733,8	2,682e-06
734,0	2,6814e-06
734,2	2,6858e-06
734,4	2,6915e-06
734,6	2,6973e-06
734,8	2,703e-06
735,0	2,7088e-06
735,2	2,7146e-06
735,4	2,7204e-06
735,6	2,7262e-06
735,8	2,732e-06
736,0	2,7379e-06
736,2	2,7541e-06
736,4	2,7725e-06
736,6	2,7909e-06
736,8	2,8095e-06
737,0	2,8282e-06
737,2	2,8471e-06
737,4	2,866e-06
737,6	2,8851e-06
737,8	2,9044e-06
738,0	2,9237e-06
738,2	2,9256e-06
738,4	2,9257e-06
738,6	2,9258e-06
738,8	2,9259e-06
739,0	2,9259e-06
739,2	2,926e-06
739,4	2,9261e-06
739,6	2,9262e-06
739,8	2,9263e-06
740,0	2,9263e-06
740,2	2,9997e-06
740,4	3,0894e-06
740,6	3,1818e-06
740,8	3,277e-06
741,0	3,375e-06
741,2	3,476e-06
741,4	3,58e-06
741,6	3,6871e-06
741,8	3,7973e-06
742,0	3,9109e-06
742,2	4,0062e-06
742,4	4,0961e-06
742,6	4,1881e-06
742,8	4,2821e-06
743,0	4,3783e-06
743,2	4,4766e-06
743,4	4,5771e-06
743,6	4,6799e-06
743,8	4,785e-06
744,0	4,8924e-06
744,2	5,0059e-06
744,4	5,123e-06
744,6	5,2428e-06
744,8	5,3654e-06
745,0	5,4909e-06
745,2	5,6193e-06
745,4	5,7506e-06
745,6	5,8851e-06
745,8	6,0227e-06
746,0	6,1636e-06
746,2	6,3123e-06
746,4	6,4652e-06
746,6	6,6219e-06
746,8	6,7823e-06
747,0	6,9466e-06
747,2	7,115e-06
747,4	7,2874e-06
747,6	7,4639e-06
747,8	7,6448e-06
748,0	7,83e-06
748,2	7,9416e-06
748,4	8,0501e-06
748,6	8,1602e-06
748,8	8,2717e-06
749,0	8,3848e-06
749,2	8,4994e-06
749,4	8,6156e-06
749,6	8,7333e-06
749,8	8,8527e-06
750,0	8,9737e-06
750,2	9,2148e-06
750,4	9,4884e-06
750,6	9,7701e-06
750,8	1,006e-05
751,0	1,0359e-05
751,2	1,0666e-05
751,4	1,0983e-05
751,6	1,1309e-05
751,8	1,1645e-05
752,0	1,1991e-05
752,2	1,2196e-05
752,4	1,2338e-05
752,6	1,2483e-05
752,8	1,2629e-05
753,0	1,2777e-05
753,2	1,2927e-05
753,4	1,3079e-05
753,6	1,3232e-05
753,8	1,3387e-05
754,0	1,3544e-05
754,2	1,3646e-05
754,4	1,3731e-05
754,6	1,3817e-05
754,8	1,3903e-05
755,0	1,399e-05
755,2	1,4077e-05
755,4	1,4165e-05
755,6	1,4254e-05
755,8	1,4343e-05
756,0	1,4432e-05
756,2	1,4509e-05
756,4	1,4585e-05
756,6	1,466e-05
756,8	1,4736e-05
757,0	1,4812e-05
757,2	1,4889e-05
757,4	1,4966e-05
757,6	1,5044e-05
757,8	1,5122e-05
758,0	1,52e-05
758,2	1,5136e-05
758,4	1,506e-05
758,6	1,4984e-05
758,8	1,4908e-05
759,0	1,4833e-05
759,2	1,4758e-05
759,4	1,4684e-05
759,6	1,461e-05
759,8	1,4536e-05
760,0	1,4463e-05
760,2	1,4687e-05
760,4	1,4989e-05
760,6	1,5296e-05
760,8	1,561e-05
761,0	1,593e-05
761,2	1,6257e-05
761,4	1,6591e-05
761,6	1,6931e-05
761,8	1,7278e-05
762,0	1,7633e-05
762,2	1,7934e-05
762,4	1,8211e-05
762,6	1,8492e-05
762,8	1,8778e-05
763,0	1,9069e-05
763,2	1,9363e-05
763,4	1,9663e-05
763,6	1,9967e-05
763,8	2,0275e-05
764,0	2,0589e-05
764,2	2,0984e-05
764,4	2,1412e-05
764,6	2,1848e-05
764,8	2,2292e-05
765,0	2,2746e-05
765,2	2,3209e-05
765,4	2,3682e-05
765,6	2,4164e-05
765,8	2,4656e-05
766,0	2,5158e-05
766,2	2,5872e-05
766,4	2,6644e-05
766,6	2,744e-05
766,8	2,8259e-05
767,0	2,9102e-05
767,2	2,9971e-05
767,4	3,0865e-05
767,6	3,1787e-05
767,8	3,2735e-05
768,0	3,3713e-05
768,2	3,488e-05
768,4	3,6101e-05
768,6	3,7366e-05
768,8	3,8674e-05
769,0	4,0028e-05
769,2	4,143e-05
769,4	4,2881e-05
769,6	4,4382e-05
769,8	4,5937e-05
770,0	4,7557e-05
770,2	5,1724e-05
770,4	5,5379e-05
770,6	5,7696e-05
770,8	6,0109e-05
771,0	6,3281e-05
771,2	6,6712e-05
771,4	7,0036e-05
771,6	7,3079e-05
771,8	7,6254e-05
772,0	7,9862e-05
772,2	8,3664e-05
772,4	8,8041e-05
772,6	9,3163e-05
772,8	9,8584e-05
773,0	1,0439e-04
773,2	1,1055e-04
773,4	1,1725e-04
773,6	1,2456e-04
773,8	1,3232e-04
774,0	1,4008e-04
774,2	1,4829e-04
774,4	1,5738e-04
774,6	1,6738e-04
774,8	1,7808e-04
775,0	1,9047e-04
775,2	2,0372e-04
775,4	2,1699e-04
775,6	2,3042e-04
775,8	2,4475e-04
776,0	2,607e-04
776,2	2,7769e-04
776,4	2,9583e-04
776,6	3,1517e-04
776,8	3,3564e-04
777,0	3,5648e-04
777,2	3,7861e-04
777,4	4,0003e-04
777,6	4,2154e-04
777,8	4,4411e-04
778,0	4,6747e-04
778,2	4,9207e-04
778,4	5,1402e-04
778,6	5,3529e-04
778,8	5,566e-04
779,0	5,7587e-04
779,2	5,9581e-04
779,4	6,1369e-04
779,6	6,3119e-04
779,8	6,4679e-04
780,0	6,5649e-04
780,2	6,6481e-04
780,4	6,7265e-04
780,6	6,7949e-04
780,8	6,864e-04
781,0	6,8788e-04
781,2	6,8862e-04
781,4	6,8873e-04
781,6	6,879e-04
781,8	6,8707e-04
782,0	6,8326e-04
782,2	6,7921e-04
782,4	6,7469e-04
782,6	6,696e-04
782,8	6,6455e-04
783,0	6,608e-04
783,2	6,5712e-04
783,4	6,5303e-04
783,6	6,4852e-04
783,8	6,4406e-04
784,0	6,4074e-04
784,2	6,3744e-04
784,4	6,3563e-04
784,6	6,3511e-04
784,8	6,3459e-04
785,0	6,3293e-04
785,2	6,3025e-04
785,4	6,3024e-04
785,6	6,3217e-04
785,8	6,3468e-04
786,0	6,3864e-04
786,2	6,4262e-04
786,4	6,4712e-04
786,6	6,5374e-04
786,8	6,6018e-04
787,0	6,6528e-04
787,2	6,7042e-04
787,4	6,7792e-04
787,6	6,8588e-04
787,8	6,9395e-04
788,0	7,0233e-04
788,2	7,109e-04
788,4	7,2069e-04
788,6	7,3106e-04
788,8	7,4205e-04
789,0	7,5384e-04
789,2	7,6582e-04
789,4	7,772e-04
789,6	7,8718e-04
789,8	7,974e-04
790,0	8,0801e-04
790,2	8,1853e-04
790,4	8,2902e-04
790,6	8,3964e-04
790,8	8,5039e-04
791,0	8,5891e-04
791,2	8,6479e-04
791,4	8,7072e-04
791,6	8,7669e-04
791,8	8,7678e-04
792,0	8,7495e-04
792,2	8,7313e-04
792,4	8,7106e-04
792,6	8,6387e-04
792,8	8,5674e-04
793,0	8,4967e-04
793,2	8,402e-04
793,4	8,2593e-04
793,6	8,119e-04
793,8	7,981e-04
794,0	7,8095e-04
794,2	7,6202e-04
794,4	7,4354e-04
794,6	7,2551e-04
794,8	6,9834e-04
795,0	6,7127e-04
795,2	6,4525e-04
795,4	6,2024e-04
795,6	6,0229e-04
795,8	5,9094e-04
796,0	5,7722e-04
796,2	5,6057e-04
796,4	5,4298e-04
796,6	5,2359e-04
796,8	5,0529e-04
797,0	4,8851e-04
797,2	4,722e-04
797,4	4,5615e-04
797,6	4,4039e-04
797,8	4,2406e-04
798,0	4,087e-04
798,2	3,9649e-04
798,4	3,8468e-04
798,6	3,738e-04
798,8	3,6323e-04
799,0	3,5127e-04
799,2	3,397e-04
799,4	3,3022e-04
799,6	3,2112e-04
799,8	3,1237e-04
800,0	3,0387e-04
800,2	2,9591e-04
800,4	2,8824e-04
800,6	2,8124e-04
800,8	2,7458e-04
801,0	2,6823e-04
801,2	2,6209e-04
801,4	2,5723e-04
801,6	2,5313e-04
801,8	2,4801e-04
802,0	2,4218e-04
802,2	2,3758e-04
802,4	2,3414e-04
802,6	2,3028e-04
802,8	2,2589e-04
803,0	2,219e-04
803,2	2,1849e-04
803,4	2,1536e-04
803,6	2,1275e-04
803,8	2,1008e-04
804,0	2,0715e-04
804,2	2,0474e-04
804,4	2,0431e-04
804,6	2,0369e-04
804,8	2,018e-04
805,0	1,9987e-04
805,2	1,9819e-04
805,4	1,9652e-04
805,6	1,9487e-04
805,8	1,9323e-04
806,0	1,9237e-04
806,2	1,9197e-04
806,4	1,9163e-04
806,6	1,9155e-04
806,8	1,9147e-04
807,0	1,9111e-04
807,2	1,906e-04
807,4	1,9021e-04
807,6	1,9025e-04
807,8	1,903e-04
808,0	1,912e-04
808,2	1,9243e-04
808,4	1,9366e-04
808,6	1,9486e-04
808,8	1,9607e-04
809,0	1,971e-04
809,2	1,9809e-04
809,4	1,9968e-04
809,6	2,0262e-04
809,8	2,0561e-04
810,0	2,0717e-04
810,2	2,0846e-04
810,4	2,1054e-04
810,6	2,1405e-04
810,8	2,1763e-04
811,0	2,2003e-04
811,2	2,2229e-04
811,4	2,2489e-04
811,6	2,2796e-04
811,8	2,3107e-04
812,0	2,3478e-04
812,2	2,3858e-04
812,4	2,4292e-04
812,6	2,4787e-04
812,8	2,5292e-04
813,0	2,5757e-04
813,2	2,623e-04
813,4	2,6743e-04
813,6	2,7295e-04
813,8	2,7859e-04
814,0	2,8452e-04
814,2	2,9057e-04
814,4	2,9754e-04
814,6	3,0524e-04
814,8	3,1302e-04
815,0	3,2011e-04
815,2	3,2688e-04
815,4	3,338e-04
815,6	3,4087e-04
815,8	3,5103e-04
816,0	3,6138e-04
816,2	3,6985e-04
816,4	3,7891e-04
816,6	3,8849e-04
816,8	4,0089e-04
817,0	4,1297e-04
817,2	4,2286e-04
817,4	4,3522e-04
817,6	4,4932e-04
817,8	4,587e-04
818,0	4,6928e-04
818,2	4,8243e-04
818,4	4,9481e-04
818,6	5,0702e-04
818,8	5,2109e-04
819,0	5,3494e-04
819,2	5,4815e-04
819,4	5,6336e-04
819,6	5,791e-04
819,8	5,8998e-04
820,0	6,029e-04
820,2	6,1845e-04
820,4	6,3003e-04
820,6	6,4095e-04
820,8	6,5336e-04
821,0	6,6556e-04
821,2	6,7753e-04
821,4	6,8817e-04
821,6	6,9868e-04
821,8	7,0921e-04
822,0	7,1822e-04
822,2	7,2599e-04
822,4	7,3448e-04
822,6	7,4184e-04
822,8	7,4574e-04
823,0	7,4916e-04
823,2	7,5226e-04
823,4	7,5615e-04
823,6	7,5874e-04
823,8	7,5864e-04
824,0	7,6027e-04
824,2	7,6252e-04
824,4	7,6015e-04
824,6	7,5834e-04
824,8	7,5739e-04
825,0	7,5348e-04
825,2	7,4848e-04
825,4	7,4352e-04
825,6	7,3859e-04
825,8	7,3356e-04
826,0	7,2888e-04
826,2	7,2585e-04
826,4	7,1945e-04
826,6	7,102e-04
826,8	7,0527e-04
827,0	7,0031e-04
827,2	6,9354e-04
827,4	6,876e-04
827,6	6,8223e-04
827,8	6,7796e-04
828,0	6,7229e-04
828,2	6,6322e-04
828,4	6,5538e-04
828,6	6,4822e-04
828,8	6,4308e-04
829,0	6,3844e-04
829,2	6,3467e-04
829,4	6,2962e-04
829,6	6,2409e-04
829,8	6,1891e-04
830,0	6,1365e-04
830,2	6,0826e-04
830,4	6,0444e-04
830,6	6,0104e-04
830,8	5,9736e-04
831,0	5,9502e-04
831,2	5,9411e-04
831,4	5,9246e-04
831,6	5,9023e-04
831,8	5,8616e-04
832,0	5,8188e-04
832,2	5,7744e-04
832,4	5,793e-04
832,6	5,8056e-04
832,8	5,7791e-04
833,0	5,7441e-04
833,2	5,7037e-04
833,4	5,7269e-04
833,6	5,7398e-04
833,8	5,7245e-04
834,0	5,7221e-04
834,2	5,7266e-04
834,4	5,7515e-04
834,6	5,774e-04
834,8	5,7924e-04
835,0	5,798e-04
835,2	5,8035e-04
835,4	5,8091e-04
835,6	5,8146e-04
835,8	5,8589e-04
836,0	5,9109e-04
836,2	5,9542e-04
836,4	5,974e-04
836,6	5,9721e-04
836,8	6,0003e-04
837,0	6,0426e-04
837,2	6,1181e-04
837,4	6,1607e-04
837,6	6,1789e-04
837,8	6,2068e-04
838,0	6,2467e-04
838,2	6,3144e-04
838,4	6,3613e-04
838,6	6,3966e-04
838,8	6,4386e-04
839,0	6,4867e-04
839,2	6,5458e-04
839,4	6,6115e-04
839,6	6,679e-04
839,8	6,7288e-04
840,0	6,7776e-04
840,2	6,825e-04
840,4	6,8734e-04
840,6	6,9228e-04
840,8	6,9759e-04
841,0	7,0397e-04
841,2	7,1149e-04
841,4	7,1595e-04
841,6	7,2035e-04
841,8	7,2692e-04
842,0	7,3348e-04
842,2	7,4004e-04
842,4	7,4412e-04
842,6	7,4829e-04
842,8	7,5339e-04
843,0	7,5914e-04
843,2	7,6531e-04
843,4	7,6717e-04
843,6	7,6953e-04
843,8	7,7322e-04
844,0	7,763e-04
844,2	7,7907e-04
844,4	7,8098e-04
844,6	7,8337e-04
844,8	7,865e-04
845,0	7,911e-04
845,2	7,9111e-04
845,4	7,9112e-04
845,6	7,9112e-04
845,8	7,9469e-04
846,0	7,9794e-04
846,2	7,9595e-04
846,4	7,9523e-04
846,6	7,9563e-04
846,8	7,9422e-04
847,0	7,9327e-04
847,2	7,9457e-04
847,4	7,9408e-04
847,6	7,9239e-04
847,8	7,9011e-04
848,0	7,876e-04
848,2	7,846e-04
848,4	7,8315e-04
848,6	7,8244e-04
848,8	7,802e-04
849,0	7,7642e-04
849,2	7,7007e-04
849,4	7,6754e-04
849,6	7,6589e-04
849,8	7,5865e-04
850,0	7,5426e-04
850,2	7,5344e-04
850,4	7,5013e-04
850,6	7,4671e-04
850,8	7,4607e-04
851,0	7,4328e-04
851,2	7,3842e-04
851,4	7,3372e-04
851,6	7,2919e-04
851,8	7,2518e-04
852,0	7,2168e-04
852,2	7,1856e-04
852,4	7,1689e-04
852,6	7,1452e-04
852,8	7,1021e-04
853,0	7,0714e-04
853,2	7,0472e-04
853,4	7,012e-04
853,6	6,9849e-04
853,8	6,9722e-04
854,0	6,9464e-04
854,2	6,917e-04
854,4	6,9036e-04
854,6	6,8822e-04
854,8	6,8506e-04
855,0	6,8404e-04
855,2	6,8159e-04
855,4	6,7915e-04
855,6	6,7672e-04
855,8	6,7449e-04
856,0	6,7301e-04
856,2	6,7364e-04
856,4	6,7371e-04
856,6	6,7579e-04
856,8	6,7821e-04
857,0	6,7583e-04
857,2	6,7594e-04
857,4	6,755e-04
857,6	6,7776e-04
857,8	6,8096e-04
858,0	6,8227e-04
858,2	6,8649e-04
858,4	6,8678e-04
858,6	6,8831e-04
858,8	6,9123e-04
859,0	6,95e-04
859,2	6,9987e-04
859,4	7,0635e-04
859,6	7,0803e-04
859,8	7,1064e-04
860,0	7,1663e-04
860,2	7,2336e-04
860,4	7,2729e-04
860,6	7,338e-04
860,8	7,3856e-04
861,0	7,4277e-04
861,2	7,5036e-04
861,4	7,6167e-04
861,6	7,6622e-04
861,8	7,723e-04
862,0	7,7973e-04
862,2	7,8781e-04
862,4	8,0104e-04
862,6	8,0922e-04
862,8	8,1963e-04
863,0	8,3187e-04
863,2	8,4415e-04
863,4	8,5397e-04
863,6	8,6743e-04
863,8	8,791e-04
864,0	8,9142e-04
864,2	9,0612e-04
864,4	9,236e-04
864,6	9,3674e-04
864,8	9,5382e-04
865,0	9,7144e-04
865,2	9,7804e-04
865,4	9,8469e-04
865,6	9,9139e-04
865,8	0,00101
866,0	0,00103
866,2	0,00105
866,4	0,00107
866,6	0,00109
866,8	0,00111
867,0	0,00114
867,2	0,00117
867,4	0,0012
867,6	0,00123
867,8	0,00125
868,0	0,00129
868,2	0,00132
868,4	0,00136
868,6	0,00139
868,8	0,00142
869,0	0,00146
869,2	0,00151
869,4	0,00157
869,6	0,0016
869,8	0,00165
870,0	0,0017
870,2	0,00176
870,4	0,00182
870,6	0,00187
870,8	0,00193
871,0	0,002
871,2	0,00207
871,4	0,00215
871,6	0,00222
871,8	0,0023
872,0	0,00239
872,2	0,00247
872,4	0,00256
872,6	0,00266
872,8	0,00278
873,0	0,00288
873,2	0,00299
873,4	0,00311
873,6	0,00324
873,8	0,00338
874,0	0,00352
874,2	0,00367
874,4	0,00383
874,6	0,00399
874,8	0,00417
875,0	0,00435
875,2	0,00453
875,4	0,00471
875,6	0,0049
875,8	0,0051
876,0	0,00533
876,2	0,00557
876,4	0,00587
876,6	0,00611
876,8	0,0064
877,0	0,00667
877,2	0,00699
877,4	0,0073
877,6	0,00763
877,8	0,00795
878,0	0,00829
878,2	0,00866
878,4	0,009
878,6	0,00938
878,8	0,00976
879,0	0,01016
879,2	0,01053
879,4	0,01088
879,6	0,01125
879,8	0,01162
880,0	0,01194
880,2	0,01229
880,4	0,01264
880,6	0,01297
880,8	0,01325
881,0	0,01351
881,2	0,01378
881,4	0,01399
881,6	0,0142
881,8	0,01436
882,0	0,01451
882,2	0,01462
882,4	0,01469
882,6	0,01475
882,8	0,0148
883,0	0,0148
883,2	0,0148
883,4	0,0148
883,6	0,01471
883,8	0,01462
884,0	0,01454
884,2	0,01443
884,4	0,01434
884,6	0,01423
884,8	0,01411
885,0	0,01402
885,2	0,01386
885,4	0,0137
885,6	0,01355
885,8	0,01346
886,0	0,01331
886,2	0,01313
886,4	0,01302
886,6	0,01288
886,8	0,01276
887,0	0,01263
887,2	0,01253
887,4	0,01244
887,6	0,01233
887,8	0,01223
888,0	0,01213
888,2	0,01204
888,4	0,01192
888,6	0,0119
888,8	0,01183
889,0	0,01178
889,2	0,01173
889,4	0,01171
889,6	0,01166
889,8	0,01168
890,0	0,01161
890,2	0,01156
890,4	0,0116
890,6	0,01159
890,8	0,01159
891,0	0,01163
891,2	0,01167
891,4	0,0117
891,6	0,01172
891,8	0,01176
892,0	0,01183
892,2	0,01191
892,4	0,012
892,6	0,01206
892,8	0,01215
893,0	0,01224
893,2	0,01233
893,4	0,01249
893,6	0,0126
893,8	0,01272
894,0	0,01288
894,2	0,01305
894,4	0,01318
894,6	0,01342
894,8	0,01358
895,0	0,01379
895,2	0,01376
895,4	0,01373
895,6	0,01371
895,8	0,01386
896,0	0,01412
896,2	0,01438
896,4	0,01467
896,6	0,01494
896,8	0,0153
897,0	0,01561
897,2	0,01598
897,4	0,01636
897,6	0,01677
897,8	0,01722
898,0	0,01763
898,2	0,01812
898,4	0,01858
898,6	0,01911
898,8	0,01967
899,0	0,02026
899,2	0,02088
899,4	0,02152
899,6	0,02218
899,8	0,02291
900,0	0,02365
900,2	0,02443
900,4	0,0253
900,6	0,02623
900,8	0,02716
901,0	0,02812
901,2	0,02911
901,4	0,03022
901,6	0,03136
901,8	0,03265
902,0	0,03392
902,2	0,03524
902,4	0,03663
902,6	0,03817
902,8	0,03974
903,0	0,04136
903,2	0,04307
903,4	0,04491
903,6	0,04682
903,8	0,04886
904,0	0,05091
904,2	0,05312
904,4	0,05537
904,6	0,05761
904,8	0,05998
905,0	0,06245
905,2	0,06487
905,4	0,06739
905,6	0,07
905,8	0,0726
906,0	0,0753
906,2	0,07787
906,4	0,08049
906,6	0,08304
906,8	0,08551
907,0	0,08791
907,2	0,0901
907,4	0,09228
907,6	0,09432
907,8	0,09612
908,0	0,09761
908,2	0,09886
908,4	0,10003
908,6	0,10094
908,8	0,1017
909,0	0,1021
909,2	0,10234
909,4	0,10229
909,6	0,10204
909,8	0,10157
910,0	0,10103
910,2	0,10016
910,4	0,09917
910,6	0,09797
910,8	0,09685
911,0	0,0955
911,2	0,09407
911,4	0,09264
911,6	0,0912
911,8	0,08961
912,0	0,088
912,2	0,08648
912,4	0,08499
912,6	0,08349
912,8	0,08192
913,0	0,08044
913,2	0,07901
913,4	0,07756
913,6	0,07615
913,8	0,07491
914,0	0,07352
914,2	0,07234
914,4	0,07113
914,6	0,06997
914,8	0,0688
915,0	0,06777
915,2	0,06692
915,4	0,06608
915,6	0,06525
915,8	0,06448
916,0	0,06361
916,2	0,06279
916,4	0,06217
916,6	0,06152
916,8	0,0609
917,0	0,06036
917,2	0,05982
917,4	0,05934
917,6	0,05888
917,8	0,05849
918,0	0,05822
918,2	0,05785
918,4	0,05759
918,6	0,05736
918,8	0,05717
919,0	0,05704
919,2	0,05685
919,4	0,05671
919,6	0,0566
919,8	0,05666
920,0	0,05668
920,2	0,05675
920,4	0,05684
920,6	0,05699
920,8	0,05718
921,0	0,05727
921,2	0,05755
921,4	0,05782
921,6	0,05812
921,8	0,05854
922,0	0,05893
922,2	0,05936
922,4	0,05981
922,6	0,06036
922,8	0,06085
923,0	0,06145
923,2	0,062
923,4	0,06266
923,6	0,06346
923,8	0,06422
924,0	0,06504
924,2	0,06588
924,4	0,06681
924,6	0,0677
924,8	0,06877
925,0	0,06992
925,2	0,07063
925,4	0,07134
925,6	0,07206
925,8	0,07319
926,0	0,07452
926,2	0,07605
926,4	0,0776
926,6	0,07914
926,8	0,08072
927,0	0,08246
927,2	0,08425
927,4	0,08612
927,6	0,08815
927,8	0,09028
928,0	0,09242
928,2	0,09479
928,4	0,09724
928,6	0,09975
928,8	0,10242
929,0	0,10519
929,2	0,10805
929,4	0,11109
929,6	0,11435
929,8	0,11763
930,0	0,12113
930,2	0,12475
930,4	0,12867
930,6	0,13266
930,8	0,1372
931,0	0,14134
931,2	0,14608
931,4	0,15132
931,6	0,15663
931,8	0,16142
932,0	0,16719
932,2	0,17306
932,4	0,1794
932,6	0,18545
932,8	0,19224
933,0	0,19953
933,2	0,20697
933,4	0,21473
933,6	0,22235
933,8	0,2311
934,0	0,23938
934,2	0,24918
934,4	0,2578
934,6	0,2669
934,8	0,27797
935,0	0,28918
935,2	0,30046
935,4	0,31219
935,6	0,32437
935,8	0,33692
936,0	0,34965
936,2	0,36219
936,4	0,3754
936,6	0,38925
936,8	0,40316
937,0	0,41696
937,2	0,43129
937,4	0,4458
937,6	0,46016
937,8	0,47503
938,0	0,48909
938,2	0,50401
938,4	0,51876
938,6	0,53278
938,8	0,5474
939,0	0,56108
939,2	0,57464
939,4	0,58782
939,6	0,60022
939,8	0,612
940,0	0,62367
940,2	0,63414
940,4	0,64425
940,6	0,65375
940,8	0,66252
941,0	0,67038
941,2	0,67838
941,4	0,68488
941,6	0,69085
941,8	0,69618
942,0	0,70151
942,2	0,70485
942,4	0,70836
942,6	0,71084
942,8	0,71372
943,0	0,71581
943,2	0,71671
943,4	0,71731
943,6	0,71801
943,8	0,71779
944,0	0,7174
944,2	0,71813
944,4	0,71729
944,6	0,71705
944,8	0,71589
945,0	0,7152
945,2	0,71452
945,4	0,71385
945,6	0,71317
945,8	0,71182
946,0	0,71004
946,2	0,7114
946,4	0,71032
946,6	0,70987
946,8	0,70914
947,0	0,70923
947,2	0,70958
947,4	0,70977
947,6	0,71027
947,8	0,71097
948,0	0,71093
948,2	0,71327
948,4	0,71483
948,6	0,71571
948,8	0,7177
949,0	0,71956
949,2	0,72164
949,4	0,72363
949,6	0,72735
949,8	0,72981
950,0	0,73201
950,2	0,73699
950,4	0,73996
950,6	0,74396
950,8	0,74779
951,0	0,75241
951,2	0,7568
951,4	0,76121
951,6	0,76626
951,8	0,77219
952,0	0,77658
952,2	0,78142
952,4	0,78792
952,6	0,79293
952,8	0,79828
953,0	0,80431
953,2	0,80918
953,4	0,81476
953,6	0,82087
953,8	0,82696
954,0	0,83243
954,2	0,83763
954,4	0,84284
954,6	0,84975
954,8	0,85429
955,0	0,85937
955,2	0,86419
955,4	0,86905
955,6	0,87393
955,8	0,87915
956,0	0,88254
956,2	0,88585
956,4	0,88876
956,6	0,89139
956,8	0,89487
957,0	0,89681
957,2	0,89909
957,4	0,9004
957,6	0,90111
957,8	0,90147
958,0	0,90115
958,2	0,90116
958,4	0,89902
958,6	0,89683
958,8	0,895
959,0	0,89331
959,2	0,8906
959,4	0,88696
959,6	0,88279
959,8	0,87812
960,0	0,87371
960,2	0,8686
960,4	0,86262
960,6	0,85717
960,8	0,8507
961,0	0,84421
961,2	0,83704
961,4	0,82887
961,6	0,82151
961,8	0,81428
962,0	0,80725
962,2	0,79981
962,4	0,79223
962,6	0,78366
962,8	0,77517
963,0	0,7667
963,2	0,75832
963,4	0,75006
963,6	0,74174
963,8	0,73434
964,0	0,7256
964,2	0,71743
964,4	0,70957
964,6	0,70119
964,8	0,69346
965,0	0,68601
965,2	0,6783
965,4	0,67067
965,6	0,66313
965,8	0,65558
966,0	0,64944
966,2	0,64309
966,4	0,63627
966,6	0,62971
966,8	0,62352
967,0	0,61764
967,2	0,61179
967,4	0,60651
967,6	0,60096
967,8	0,59574
968,0	0,59129
968,2	0,58609
968,4	0,58125
968,6	0,57738
968,8	0,57315
969,0	0,56899
969,2	0,56535
969,4	0,56197
969,6	0,55832
969,8	0,55551
970,0	0,5529
970,2	0,55034
970,4	0,5475
970,6	0,54521
970,8	0,5431
971,0	0,54099
971,2	0,53877
971,4	0,53756
971,6	0,53602
971,8	0,53491
972,0	0,53376
972,2	0,53268
972,4	0,53209
972,6	0,53165
972,8	0,53169
973,0	0,53131
973,2	0,53135
973,4	0,53166
973,6	0,53185
973,8	0,53225
974,0	0,53353
974,2	0,53473
974,4	0,53555
974,6	0,53669
974,8	0,53818
975,0	0,53962
975,2	0,54183
975,4	0,54405
975,6	0,54627
975,8	0,54749
976,0	0,54979
976,2	0,55307
976,4	0,55597
976,6	0,5588
976,8	0,56204
977,0	0,56547
977,2	0,56944
977,4	0,57327
977,6	0,57734
977,8	0,58103
978,0	0,58492
978,2	0,58977
978,4	0,59472
978,6	0,59971
978,8	0,60465
979,0	0,61041
979,2	0,61518
979,4	0,62045
979,6	0,62615
979,8	0,63255
980,0	0,63809
980,2	0,64416
980,4	0,65064
980,6	0,65776
980,8	0,66414
981,0	0,67035
981,2	0,67701
981,4	0,68426
981,6	0,69133
981,8	0,69847
982,0	0,70534
982,2	0,71262
982,4	0,7202
982,6	0,72807
982,8	0,73476
983,0	0,74272
983,2	0,7505
983,4	0,7581
983,6	0,7653
983,8	0,77243
984,0	0,78026
984,2	0,78844
984,4	0,79581
984,6	0,80345
984,8	0,81066
985,0	0,81754
985,2	0,82465
985,4	0,83183
985,6	0,83908
985,8	0,8458
986,0	0,85269
986,2	0,85867
986,4	0,8649
986,6	0,87042
986,8	0,87602
987,0	0,88185
987,2	0,88696
987,4	0,89195
987,6	0,89681
987,8	0,90104
988,0	0,90498
988,2	0,90872
988,4	0,91228
988,6	0,91486
988,8	0,91747
989,0	0,9186
989,2	0,92079
989,4	0,92171
989,6	0,92287
989,8	0,92404
990,0	0,92501
990,2	0,92496
990,4	0,92498
990,6	0,92458
990,8	0,92405
991,0	0,92282
991,2	0,92129
991,4	0,91963
991,6	0,91738
991,8	0,91535
992,0	0,91284
992,2	0,91007
992,4	0,90729
992,6	0,90386
992,8	0,90047
993,0	0,89681
993,2	0,89297
993,4	0,88903
993,6	0,88479
993,8	0,88082
994,0	0,8763
994,2	0,87191
994,4	0,86761
994,6	0,86333
994,8	0,85946
995,0	0,85535
995,2	0,85144
995,4	0,84756
995,6	0,84369
995,8	0,83964
996,0	0,83494
996,2	0,8312
996,4	0,82675
996,6	0,82249
996,8	0,81809
997,0	0,81395
997,2	0,80975
997,4	0,80582
997,6	0,80149
997,8	0,7976
998,0	0,79391
998,2	0,78967
998,4	0,78619
998,6	0,78307
998,8	0,78058
999,0	0,77696
999,2	0,77389
999,4	0,77016
999,6	0,76714
999,8	0,7648
1000,0	0,7613
1000,2	0,75883
1000,4	0,75663
1000,6	0,75558
1000,8	0,75337
1001,0	0,75089
1001,2	0,74908
1001,4	0,74809
1001,6	0,74616
1001,8	0,74533
1002,0	0,74393
1002,2	0,74315
1002,4	0,7422
1002,6	0,7412
1002,8	0,74043
1003,0	0,74037
1003,2	0,74046
1003,4	0,73965
1003,6	0,73993
1003,8	0,74008
1004,0	0,74068
1004,2	0,74093
1004,4	0,74122
1004,6	0,74214
1004,8	0,74258
1005,0	0,7436
1005,2	0,74464
1005,4	0,74567
1005,6	0,74671
1005,8	0,74777
1006,0	0,74997
1006,2	0,75179
1006,4	0,75353
1006,6	0,75546
1006,8	0,75717
1007,0	0,75962
1007,2	0,76118
1007,4	0,7638
1007,6	0,76692
1007,8	0,77001
1008,0	0,77253
1008,2	0,77518
1008,4	0,77736
1008,6	0,78103
1008,8	0,78429
1009,0	0,7876
1009,2	0,79063
1009,4	0,79381
1009,6	0,79736
1009,8	0,79991
1010,0	0,80363
1010,2	0,80805
1010,4	0,8121
1010,6	0,81579
1010,8	0,81861
1011,0	0,82239
1011,2	0,82611
1011,4	0,83035
1011,6	0,8341
1011,8	0,83732
1012,0	0,8414
1012,2	0,84515
1012,4	0,84847
1012,6	0,85303
1012,8	0,85705
1013,0	0,86076
1013,2	0,8643
1013,4	0,86704
1013,6	0,8712
1013,8	0,87339
1014,0	0,87665
1014,2	0,88096
1014,4	0,88419
1014,6	0,88701
1014,8	0,88983
1015,0	0,89292
1015,2	0,89579
1015,4	0,89866
1015,6	0,90154
1015,8	0,90399
1016,0	0,90656
1016,2	0,90883
1016,4	0,91133
1016,6	0,9127
1016,8	0,91383
1017,0	0,91608
1017,2	0,91691
1017,4	0,91838
1017,6	0,91897
1017,8	0,91957
1018,0	0,92038
1018,2	0,92069
1018,4	0,92132
1018,6	0,92049
1018,8	0,91991
1019,0	0,91989
1019,2	0,91969
1019,4	0,91905
1019,6	0,91829
1019,8	0,91737
1020,0	0,91624
1020,2	0,91445
1020,4	0,9128
1020,6	0,91068
1020,8	0,90857
1021,0	0,9063
1021,2	0,90476
1021,4	0,90259
1021,6	0,89965
1021,8	0,89776
1022,0	0,89449
1022,2	0,89247
1022,4	0,889
1022,6	0,88572
1022,8	0,88347
1023,0	0,87952
1023,2	0,87711
1023,4	0,87301
1023,6	0,86907
1023,8	0,86617
1024,0	0,86261
1024,2	0,85886
1024,4	0,85484
1024,6	0,85193
1024,8	0,84854
1025,0	0,84444
1025,2	0,84063
1025,4	0,83684
1025,6	0,83306
1025,8	0,82868
1026,0	0,82447
1026,2	0,82129
1026,4	0,81789
1026,6	0,81385
1026,8	0,81067
1027,0	0,80663
1027,2	0,80322
1027,4	0,79938
1027,6	0,79637
1027,8	0,79339
1028,0	0,78943
1028,2	0,78576
1028,4	0,78201
1028,6	0,77801
1028,8	0,77577
1029,0	0,77287
1029,2	0,76898
1029,4	0,76629
1029,6	0,76306
1029,8	0,76053
1030,0	0,75827
1030,2	0,75587
1030,4	0,7527
1030,6	0,74989
1030,8	0,74707
1031,0	0,74436
1031,2	0,74214
1031,4	0,73983
1031,6	0,73705
1031,8	0,73536
1032,0	0,7331
1032,2	0,73142
1032,4	0,73008
1032,6	0,72777
1032,8	0,72622
1033,0	0,72478
1033,2	0,72275
1033,4	0,7213
1033,6	0,71948
1033,8	0,7186
1034,0	0,71756
1034,2	0,71641
1034,4	0,71492
1034,6	0,71401
1034,8	0,71362
1035,0	0,71301
1035,2	0,71189
1035,4	0,71078
1035,6	0,70966
1035,8	0,70843
1036,0	0,70806
1036,2	0,70787
1036,4	0,70788
1036,6	0,70758
1036,8	0,708
1037,0	0,70784
1037,2	0,7084
1037,4	0,70808
1037,6	0,70797
1037,8	0,70842
1038,0	0,70833
1038,2	0,70929
1038,4	0,70898
1038,6	0,71032
1038,8	0,71032
1039,0	0,71157
1039,2	0,7114
1039,4	0,71279
1039,6	0,7135
1039,8	0,7144
1040,0	0,71434
1040,2	0,71531
1040,4	0,71517
1040,6	0,71636
1040,8	0,7182
1041,0	0,7189
1041,2	0,71979
1041,4	0,72072
1041,6	0,72187
1041,8	0,72261
1042,0	0,72377
1042,2	0,72522
1042,4	0,72605
1042,6	0,72776
1042,8	0,7297
1043,0	0,73161
1043,2	0,73248
1043,4	0,7329
1043,6	0,73435
1043,8	0,73536
1044,0	0,73691
1044,2	0,73742
1044,4	0,73839
1044,6	0,73997
1044,8	0,74061
1045,0	0,74246
1045,2	0,74403
1045,4	0,74559
1045,6	0,74716
1045,8	0,74874
1046,0	0,75032
1046,2	0,7519
1046,4	0,75348
1046,6	0,75507
1046,8	0,75666
1047,0	0,75826
1047,2	0,75985
1047,4	0,76146
1047,6	0,76306
1047,8	0,76467
1048,0	0,76628
1048,2	0,76789
1048,4	0,76951
1048,6	0,77113
1048,8	0,77276
1049,0	0,77439
1049,2	0,77602
1049,4	0,77765
1049,6	0,77929
1049,8	0,78094
1050,0	0,78258
1050,2	0,78204
1050,4	0,78259
1050,6	0,7828
1050,8	0,7828
1051,0	0,78308
1051,2	0,78234
1051,4	0,78218
1051,6	0,78174
1051,8	0,7813
1052,0	0,78142
1052,2	0,78152
1052,4	0,78096
1052,6	0,77968
1052,8	0,77864
1053,0	0,7785
1053,2	0,77726
1053,4	0,77748
1053,6	0,7761
1053,8	0,77498
1054,0	0,774
1054,2	0,77313
1054,4	0,77202
1054,6	0,77103
1054,8	0,77002
1055,0	0,76895
1055,2	0,76762
1055,4	0,76661
1055,6	0,76449
1055,8	0,76439
1056,0	0,7625
1056,2	0,76236
1056,4	0,76075
1056,6	0,75901
1056,8	0,75786
1057,0	0,75626
1057,2	0,75546
1057,4	0,75458
1057,6	0,75323
1057,8	0,75163
1058,0	0,75129
1058,2	0,74941
1058,4	0,74821
1058,6	0,74649
1058,8	0,74445
1059,0	0,74384
1059,2	0,74215
1059,4	0,74099
1059,6	0,73977
1059,8	0,7387
1060,0	0,73744
1060,2	0,73608
1060,4	0,73565
1060,6	0,73379
1060,8	0,73274
1061,0	0,73132
1061,2	0,73123
1061,4	0,72967
1061,6	0,72859
1061,8	0,72868
1062,0	0,72788
1062,2	0,72637
1062,4	0,72692
1062,6	0,72605
1062,8	0,72472
1063,0	0,7238
1063,2	0,72243
1063,4	0,72269
1063,6	0,72201
1063,8	0,72206
1064,0	0,7218
1064,2	0,72089
1064,4	0,72112
1064,6	0,72066
1064,8	0,72104
1065,0	0,72018
1065,2	0,72047
1065,4	0,71931
1065,6	0,71992
1065,8	0,72094
1066,0	0,72056
1066,2	0,71961
1066,4	0,7199
1066,6	0,72138
1066,8	0,72156
1067,0	0,72137
1067,2	0,72248
1067,4	0,72219
1067,6	0,72433
1067,8	0,72497
1068,0	0,72541
1068,2	0,7271
1068,4	0,7275
1068,6	0,72909
1068,8	0,73135
1069,0	0,73143
1069,2	0,73247
1069,4	0,73346
1069,6	0,73548
1069,8	0,73698
1070,0	0,73791
1070,2	0,74012
1070,4	0,74192
1070,6	0,74362
1070,8	0,74616
1071,0	0,74757
1071,2	0,74905
1071,4	0,75154
1071,6	0,75471
1071,8	0,75524
1072,0	0,75728
1072,2	0,76058
1072,4	0,76258
1072,6	0,76255
1072,8	0,76772
1073,0	0,76883
1073,2	0,77197
1073,4	0,77693
1073,6	0,77699
1073,8	0,77999
1074,0	0,7827
1074,2	0,78651
1074,4	0,78853
1074,6	0,79153
1074,8	0,79562
1075,0	0,79762
1075,2	0,80063
1075,4	0,8032
1075,6	0,80619
1075,8	0,80953
1076,0	0,81169
1076,2	0,81624
1076,4	0,81948
1076,6	0,82305
1076,8	0,82739
1077,0	0,8297
1077,2	0,83438
1077,4	0,83551
1077,6	0,83989
1077,8	0,84412
1078,0	0,84747
1078,2	0,84968
1078,4	0,85418
1078,6	0,85728
1078,8	0,86039
1079,0	0,86469
1079,2	0,86637
1079,4	0,86995
1079,6	0,87507
1079,8	0,87791
1080,0	0,88032
1080,2	0,88474
1080,4	0,88721
1080,6	0,89055
1080,8	0,8942
1081,0	0,8969
1081,2	0,89969
1081,4	0,90361
1081,6	0,90432
1081,8	0,90929
1082,0	0,91048
1082,2	0,91534
1082,4	0,91826
1082,6	0,92057
1082,8	0,92394
1083,0	0,92466
1083,2	0,92709
1083,4	0,93146
1083,6	0,93373
1083,8	0,93591
1084,0	0,93636
1084,2	0,938
1084,4	0,94163
1084,6	0,94349
1084,8	0,94488
1085,0	0,9458
1085,2	0,94828
1085,4	0,95067
1085,6	0,95048
1085,8	0,95375
1086,0	0,95364
1086,2	0,9545
1086,4	0,95492
1086,6	0,95559
1086,8	0,95764
1087,0	0,95762
1087,2	0,95807
1087,4	0,95823
1087,6	0,95853
1087,8	0,9581
1088,0	0,95727
1088,2	0,95982
1088,4	0,95816
1088,6	0,95818
1088,8	0,9592
1089,0	0,95748
1089,2	0,95836
1089,4	0,957
1089,6	0,95468
1089,8	0,95432
1090,0	0,95388
1090,2	0,95373
1090,4	0,95167
1090,6	0,95104
1090,8	0,9477
1091,0	0,94903
1091,2	0,94685
1091,4	0,94555
1091,6	0,94174
1091,8	0,94142
1092,0	0,93972
1092,2	0,93722
1092,4	0,93535
1092,6	0,9355
1092,8	0,93133
1093,0	0,93031
1093,2	0,92754
1093,4	0,92505
1093,6	0,92491
1093,8	0,92095
1094,0	0,91863
1094,2	0,91856
1094,4	0,91568
1094,6	0,91202
1094,8	0,91078
1095,0	0,90843
1095,2	0,90568
1095,4	0,90194
1095,6	0,90282
1095,8	0,89972
1096,0	0,8961
1096,2	0,89608
1096,4	0,89048
1096,6	0,88788
1096,8	0,88671
1097,0	0,88441
1097,2	0,88212
1097,4	0,88019
1097,6	0,87792
1097,8	0,87534
1098,0	0,87238
1098,2	0,871
1098,4	0,86878
1098,6	0,86757
1098,8	0,86298
1099,0	0,86299
1099,2	0,85933
1099,4	0,85862
1099,6	0,85723
1099,8	0,85532
1100,0	0,85386
1100,2	0,85223
1100,4	0,84928
1100,6	0,84797
1100,8	0,84569
1101,0	0,84297
1101,2	0,84498
1101,4	0,84265
1101,6	0,83914
1101,8	0,83981
1102,0	0,83716
1102,2	0,83584
1102,4	0,83416
1102,6	0,83254
1102,8	0,83174
1103,0	0,83222
1103,2	0,82911
1103,4	0,82993
1103,6	0,82981
1103,8	0,82728
1104,0	0,82827
1104,2	0,82605
1104,4	0,82646
1104,6	0,82633
1104,8	0,82465
1105,0	0,82401
1105,2	0,82149
1105,4	0,82329
1105,6	0,82104
1105,8	0,82039
1106,0	0,82209
1106,2	0,82216
1106,4	0,82528
1106,6	0,82408
1106,8	0,82387
1107,0	0,8211
1107,2	0,82244
1107,4	0,82334
1107,6	0,82345
1107,8	0,82265
1108,0	0,82331
1108,2	0,82429
1108,4	0,82474
1108,6	0,82526
1108,8	0,82734
1109,0	0,82487
1109,2	0,82358
1109,4	0,82798
1109,6	0,82994
1109,8	0,82989
1110,0	0,83367
1110,2	0,83083
1110,4	0,83201
1110,6	0,83333
1110,8	0,83669
1111,0	0,83557
1111,2	0,83738
1111,4	0,83905
1111,6	0,84169
1111,8	0,84257
1112,0	0,84402
1112,2	0,84519
1112,4	0,84523
1112,6	0,84583
1112,8	0,84855
1113,0	0,85133
1113,2	0,85203
1113,4	0,85532
1113,6	0,85517
1113,8	0,86016
1114,0	0,86043
1114,2	0,86148
1114,4	0,86449
1114,6	0,86855
1114,8	0,86785
1115,0	0,87007
1115,2	0,87682
1115,4	0,87389
1115,6	0,87507
1115,8	0,87785
1116,0	0,87949
1116,2	0,88349
1116,4	0,88561
1116,6	0,88808
1116,8	0,89029
1117,0	0,89025
1117,2	0,89376
1117,4	0,89554
1117,6	0,89726
1117,8	0,89766
1118,0	0,90153
1118,2	0,90435
1118,4	0,90553
1118,6	0,9071
1118,8	0,90797
1119,0	0,91342
1119,2	0,91144
1119,4	0,91566
1119,6	0,91814
1119,8	0,92452
1120,0	0,92202
1120,2	0,91587
1120,4	0,92435
1120,6	0,92887
1120,8	0,92976
1121,0	0,93228
1121,2	0,9342
1121,4	0,93613
1121,6	0,93805
1121,8	0,93999
1122,0	0,94189
1122,2	0,94307
1122,4	0,94424
1122,6	0,94541
1122,8	0,94659
1123,0	0,94777
1123,2	0,94899
1123,4	0,95021
1123,6	0,95143
1123,8	0,95266
1124,0	0,95388
1124,2	0,95488
1124,4	0,95588
1124,6	0,95688
1124,8	0,95788
1125,0	0,95887
1125,2	0,95905
1125,4	0,95924
1125,6	0,95942
1125,8	0,9596
1126,0	0,95979
1126,2	0,96007
1126,4	0,96035
1126,6	0,96063
1126,8	0,96092
1127,0	0,96119
1127,2	0,961
1127,4	0,9608
1127,6	0,96061
1127,8	0,96042
1128,0	0,96021
1128,2	0,95965
1128,4	0,95909
1128,6	0,95853
1128,8	0,95797
1129,0	0,95741
1129,2	0,95635
1129,4	0,95528
1129,6	0,95422
1129,8	0,95316
1130,0	0,9521
1130,2	0,95086
1130,4	0,94963
1130,6	0,9484
1130,8	0,94717
1131,0	0,94593
1131,2	0,9444
1131,4	0,94286
1131,6	0,94132
1131,8	0,93979
1132,0	0,93826
1132,2	0,93657
1132,4	0,93488
1132,6	0,9332
1132,8	0,93152
1133,0	0,92984
1133,2	0,92788
1133,4	0,92593
1133,6	0,92398
1133,8	0,92203
1134,0	0,92009
1134,2	0,91812
1134,4	0,91615
1134,6	0,91419
1134,8	0,91223
1135,0	0,91028
1135,2	0,90834
1135,4	0,90641
1135,6	0,90448
1135,8	0,90256
1136,0	0,90063
1136,2	0,89863
1136,4	0,89662
1136,6	0,89463
1136,8	0,89264
1137,0	0,89064
1137,2	0,88843
1137,4	0,88623
1137,6	0,88403
1137,8	0,88183
1138,0	0,87965
1138,2	0,87772
1138,4	0,87579
1138,6	0,87386
1138,8	0,87194
1139,0	0,87002
1139,2	0,86806
1139,4	0,86611
1139,6	0,86416
1139,8	0,86222
1140,0	0,86028
1140,2	0,85844
1140,4	0,8566
1140,6	0,85477
1140,8	0,85294
1141,0	0,85111
1141,2	0,84925
1141,4	0,84739
1141,6	0,84554
1141,8	0,84369
1142,0	0,84186
1142,2	0,84027
1142,4	0,83869
1142,6	0,8371
1142,8	0,83552
1143,0	0,83395
1143,2	0,83264
1143,4	0,83134
1143,6	0,83004
1143,8	0,82874
1144,0	0,82743
1144,2	0,82599
1144,4	0,82456
1144,6	0,82313
1144,8	0,8217
1145,0	0,82028
1145,2	0,81931
1145,4	0,81835
1145,6	0,81738
1145,8	0,81642
1146,0	0,81546
1146,2	0,81461
1146,4	0,81375
1146,6	0,8129
1146,8	0,81205
1147,0	0,81121
1147,2	0,81049
1147,4	0,80976
1147,6	0,80904
1147,8	0,80832
1148,0	0,8076
1148,2	0,80701
1148,4	0,80642
1148,6	0,80583
1148,8	0,80524
1149,0	0,80467
1149,2	0,8045
1149,4	0,80433
1149,6	0,80416
1149,8	0,80399
1150,0	0,80382
1150,2	0,8036
1150,4	0,80337
1150,6	0,80315
1150,8	0,80292
1151,0	0,8027
1151,2	0,80253
1151,4	0,80235
1151,6	0,80218
1151,8	0,80201
1152,0	0,80184
1152,2	0,80206
1152,4	0,80227
1152,6	0,80249
1152,8	0,8027
1153,0	0,80292
1153,2	0,80321
1153,4	0,80351
1153,6	0,8038
1153,8	0,8041
1154,0	0,80439
1154,2	0,80467
1154,4	0,80494
1154,6	0,80521
1154,8	0,80549
1155,0	0,80577
1155,2	0,8062
1155,4	0,80663
1155,6	0,80706
1155,8	0,80749
1156,0	0,80793
1156,2	0,80833
1156,4	0,80873
1156,6	0,80914
1156,8	0,80954
1157,0	0,80996
1157,2	0,81066
1157,4	0,81137
1157,6	0,81207
1157,8	0,81277
1158,0	0,81347
1158,2	0,81398
1158,4	0,81448
1158,6	0,81499
1158,8	0,81549
1159,0	0,81601
1159,2	0,81681
1159,4	0,81762
1159,6	0,81842
1159,8	0,81923
1160,0	0,82003
1160,2	0,82065
1160,4	0,82127
1160,6	0,82189
1160,8	0,82252
1161,0	0,82314
1161,2	0,82364
1161,4	0,82414
1161,6	0,82464
1161,8	0,82514
1162,0	0,82565
1162,2	0,82644
1162,4	0,82722
1162,6	0,82801
1162,8	0,8288
1163,0	0,82958
1163,2	0,83011
1163,4	0,83063
1163,6	0,83116
1163,8	0,83169
1164,0	0,83221
1164,2	0,83271
1164,4	0,8332
1164,6	0,83369
1164,8	0,83419
1165,0	0,83468
1165,2	0,83519
1165,4	0,83569
1165,6	0,8362
1165,8	0,8367
1166,0	0,83721
1166,2	0,83792
1166,4	0,83864
1166,6	0,83935
1166,8	0,84007
1167,0	0,84077
1167,2	0,84103
1167,4	0,8413
1167,6	0,84156
1167,8	0,84183
1168,0	0,8421
1168,2	0,84265
1168,4	0,84321
1168,6	0,84377
1168,8	0,84434
1169,0	0,84489
1169,2	0,84514
1169,4	0,84538
1169,6	0,84563
1169,8	0,84587
1170,0	0,84612
1170,2	0,84643
1170,4	0,84673
1170,6	0,84704
1170,8	0,84734
1171,0	0,84765
1171,2	0,84783
1171,4	0,84802
1171,6	0,84821
1171,8	0,8484
1172,0	0,84859
1172,2	0,84883
1172,4	0,84906
1172,6	0,84929
1172,8	0,84952
1173,0	0,84976
1173,2	0,84995
1173,4	0,85015
1173,6	0,85034
1173,8	0,85054
1174,0	0,85073
1174,2	0,85097
1174,4	0,8512
1174,6	0,85143
1174,8	0,85166
1175,0	0,85189
1175,2	0,85203
1175,4	0,85217
1175,6	0,85231
1175,8	0,85245
1176,0	0,85259
1176,2	0,85276
1176,4	0,85293
1176,6	0,8531
1176,8	0,85327
1177,0	0,85345
1177,2	0,85387
1177,4	0,85428
1177,6	0,85469
1177,8	0,85511
1178,0	0,85551
1178,2	0,85558
1178,4	0,85564
1178,6	0,85571
1178,8	0,85577
1179,0	0,85585
1179,2	0,85634
1179,4	0,85683
1179,6	0,85732
1179,8	0,85782
1180,0	0,8583
1180,2	0,85863
1180,4	0,85895
1180,6	0,85927
1180,8	0,85959
1181,0	0,85992
1181,2	0,86039
1181,4	0,86086
1181,6	0,86134
1181,8	0,86181
1182,0	0,86229
1182,2	0,86296
1182,4	0,86363
1182,6	0,86431
1182,8	0,86498
1183,0	0,86565
1183,2	0,86632
1183,4	0,86698
1183,6	0,86764
1183,8	0,8683
1184,0	0,86897
1184,2	0,86971
1184,4	0,87046
1184,6	0,87121
1184,8	0,87195
1185,0	0,8727
1185,2	0,87348
1185,4	0,87427
1185,6	0,87505
1185,8	0,87583
1186,0	0,87662
1186,2	0,87764
1186,4	0,87867
1186,6	0,87969
1186,8	0,88072
1187,0	0,88175
1187,2	0,88279
1187,4	0,88384
1187,6	0,88489
1187,8	0,88593
1188,0	0,88698
1188,2	0,88796
1188,4	0,88895
1188,6	0,88993
1188,8	0,89092
1189,0	0,89192
1189,2	0,89325
1189,4	0,89459
1189,6	0,89592
1189,8	0,89726
1190,0	0,89859
1190,2	0,89989
1190,4	0,90118
1190,6	0,90248
1190,8	0,90379
1191,0	0,90509
1191,2	0,90632
1191,4	0,90755
1191,6	0,90879
1191,8	0,91002
1192,0	0,91127
1192,2	0,91264
1192,4	0,91401
1192,6	0,91539
1192,8	0,91677
1193,0	0,91814
1193,2	0,91939
1193,4	0,92065
1193,6	0,9219
1193,8	0,92316
1194,0	0,92441
1194,2	0,92561
1194,4	0,92681
1194,6	0,92801
1194,8	0,92921
1195,0	0,93042
1195,2	0,93183
1195,4	0,93324
1195,6	0,93465
1195,8	0,93607
1196,0	0,93748
1196,2	0,93888
1196,4	0,94028
1196,6	0,94167
1196,8	0,94308
1197,0	0,94448
1197,2	0,94542
1197,4	0,94636
1197,6	0,9473
1197,8	0,94824
1198,0	0,94919
1198,2	0,95021
1198,4	0,95123
1198,6	0,95225
1198,8	0,95327
1199,0	0,95428
1199,2	0,95508
1199,4	0,95588
1199,6	0,95668
1199,8	0,95748
1200,0	0,95828
