0	0	300
0	0	301
0	0	302
0	0	303
0	0	304
0	0	305
0	0	306
0	0	307
0	0	308
0	0	309
0	0	310
0	0	311
0	0	312
0	0	313
0	0	314
0	0	315
0	0	316
0	0	317
0	0	318
0	0	319
0	0	320
0	0	321
0	0	322
0	0	323
0	0	324
0	0	325
0	0	326
0	0	327
0	0	328
0	0	329
0	0	330
0	0	331
0	0	332
0	0	333
0	0	334
0	0	335
0	0	336
0	0	337
0	0	338
145.299	126.425	339
86.2941	78.0941	340
40.7968	79.6729	341
96.5514	-59.1628	342
56.1234	45.8535	343
50.9525	44.9866	344
52.913	59.8161	345
63.6207	88.6116	346
84.3614	108.114	347
104.004	132.89	348
129.376	158.622	349
152.934	187.142	350
158.794	208.262	351
180.977	221.302	352
183.054	228.13	353
191.981	240.504	354
205.492	249.947	355
204.549	252.255	356
211.077	248.969	357
218.511	252.344	358
224.209	257.15	359
230.446	255.934	360
232.614	258.498	361
225.322	256.805	362
228.833	259.668	363
217.097	264.858	364
218.581	264.368	365
213.719	279.208	366
200.316	285.939	367
200.758	285.939	368
196.838	293.658	369
192.549	300.565	370
202.668	303.014	371
196.709	307.486	372
194.148	308.862	373
204.873	334.828	374
205.188	373.319	375
205.407	453.326	376
211.309	592.589	377
206.691	842.587	378
213.753	1263.48	379
222.813	1972.07	380
215.137	3064.64	381
219.355	4656.17	382
222.063	6712.05	383
215.17	9304.6	384
219.001	12372.3	385
213.718	16024.3	386
205.084	20074.1	387
209.428	24378.5	388
206.177	28836	389
205.051	33250.1	390
212.87	37289.3	391
209.043	40793.4	392
202.541	43397.9	393
204.512	45010.6	394
210.544	45555.1	395
212.557	45091	396
210.675	43706.7	397
207.626	41756.8	398
201.436	39272.9	399
211.167	36584.2	400
212.156	34034.9	401
212.656	31601.6	402
208.205	29296.7	403
203.733	27044.3	404
207.588	24860	405
211.226	22797	406
206.579	20896.2	407
210.551	18935.7	408
210.609	17073.4	409
212.406	15280.9	410
219.865	13601.9	411
224.404	12104.5	412
233.325	10749.8	413
234.617	9563.44	414
240.083	8547.05	415
234.386	7641.53	416
233.628	6825.53	417
230.787	6150.15	418
225.029	5527.43	419
227.009	4987.92	420
237.502	4499.5	421
228.468	4042.4	422
233.605	3634.78	423
243.189	3267.71	424
249.433	2939.54	425
256.975	2660.05	426
255.483	2396.78	427
253.559	2174.08	428
260.007	1957.74	429
264.167	1774	430
263.811	1604.68	431
268.827	1451.21	432
273.305	1314.03	433
276.489	1200.75	434
280.594	1101.87	435
285.253	1011.96	436
296.925	934.077	437
304.248	862.791	438
310.227	806.447	439
295.772	747.377	440
296.688	691.238	441
289.217	639.151	442
280.777	604.117	443
275.072	565.269	444
266.158	532.896	445
264.467	503.938	446
266.562	471.272	447
267.982	449.564	448
266.434	436.093	449
274.365	414.318	450
268.981	397.957	451
269.565	391.888	452
270.64	376.428	453
268.495	375.839	454
270.146	371.992	455
275.871	363.72	456
281.459	353.018	457
285.591	344.89	458
294.678	326.37	459
293.34	321.872	460
296.609	310.238	461
301.722	295.962	462
303.825	287.098	463
307.888	287.523	464
316.85	286.844	465
328.824	288.394	466
351.286	284.148	467
382.329	284.872	468
434.094	283.089	469
494.59	283.38	470
572.436	282.904	471
666.47	279.8	472
780.8	276.764	473
917.004	268.974	474
1086.55	261.058	475
1281.59	261.929	476
1518.06	265.496	477
1789.74	261.066	478
2124.3	257.679	479
2513.75	251.641	480
2975.1	250.818	481
3511	252.341	482
4115.27	251.537	483
4834.77	240.528	484
5664.25	236.122	485
6607.91	241.362	486
7663.83	232.435	487
8848.23	228.2	488
10158.2	234.682	489
11607.5	233.407	490
13136	238.16	491
14757.3	241.945	492
16445.3	234.06	493
18177.1	237.304	494
19935.8	248.559	495
21659.9	238	496
23313.3	236.316	497
24882.7	233.227	498
26324.3	234.738	499
27634.4	234.994	500
28845.4	232.358	501
29895.2	225.528	502
30790.6	225.413	503
31612.3	227.063	504
32360	230.877	505
33016.6	221.052	506
33567.6	219.947	507
34042.3	228.865	508
34506.4	228.288	509
34867.1	230.968	510
35190.5	225.991	511
35515.5	222.733	512
35776.1	230.047	513
36005.9	229.272	514
36232.5	226.738	515
36438.7	230.137	516
36706.8	233.397	517
36883.8	242.362	518
36975.6	240.035	519
37127.8	241.015	520
37268.3	244.273	521
37349.3	250.131	522
37391	252.586	523
37409	253.405	524
37443.3	243.837	525
37444.9	243.18	526
37355.3	247	527
37263.1	252.048	528
37195.6	251.453	529
37051.3	252.065	530
36913.8	262.157	531
36736	279.547	532
36598.6	295.609	533
36452.5	299.645	534
36294.6	299.664	535
36033.5	291.352	536
35821.4	296.493	537
35649.1	283.854	538
35493.1	272.443	539
35313.7	258.951	540
35145.6	254.762	541
35009.6	256.855	542
34865.5	271.32	543
34657.3	261.826	544
34393	270.779	545
34044.4	271.846	546
33661.6	276.368	547
33267.1	273.867	548
32837.4	274.576	549
32455	270.307	550
32039.8	261.624	551
31623.2	254.626	552
31281	257.26	553
30943.1	263.876	554
30584.4	263.186	555
30247.3	265.614	556
29907.9	273.964	557
29582.1	285.809	558
29241.7	295.853	559
28907.2	301.348	560
28588.5	300.806	561
28247.6	301.865	562
27937.9	300.969	563
27568.1	296.638	564
27260.7	294.933	565
26905.7	295.334	566
26499.4	285.294	567
26070.7	290.366	568
25659.7	288.711	569
25133.4	287.537	570
24630.9	284.209	571
24130	290.241	572
23597.4	283.983	573
23056.8	283.932	574
22492.3	279.617	575
21906.1	280.101	576
21394.4	277.256	577
20819.9	279.313	578
20221.9	273.657	579
19642.5	268.795	580
19081.1	267.791	581
18562.4	263.055	582
18049.2	256.683	583
17524.6	255.865	584
17056.7	251.537	585
16589.4	253.719	586
16161.6	259.514	587
15723.4	262.397	588
15296.9	264.859	589
14907.7	263.209	590
14501.1	263.816	591
14111.9	256.617	592
13738.7	253.795	593
13360.6	247.95	594
13004.3	239.615	595
12661.7	231.626	596
12323.7	232.671	597
11983.5	234	598
11659.9	245.362	599
11330.5	242.431	600
11012.9	234.606	601
10690.5	232.531	602
10357.8	237.539	603
10039.2	234.025	604
9744.68	231.843	605
9460.9	220.881	606
9183.62	226.894	607
8916.93	233.329	608
8654.66	228.161	609
8388.18	230.554	610
8128.64	221.882	611
7886.52	222.792	612
7615.98	224.877	613
7340.61	216.473	614
7095.13	223.423	615
6836.28	226.022	616
6617.51	221.861	617
6380.86	235.382	618
6139.56	230.127	619
5913.81	233.658	620
5710.25	228.233	621
5513.52	223.254	622
5305.51	224.079	623
5091.02	225.864	624
4902.69	228.524	625
4735.06	223.63	626
4554.1	226.308	627
4379.37	234.164	628
4198.28	226.682	629
4046.26	223.558	630
3904.8	218.158	631
3762.52	212.67	632
3613.07	209.503	633
3481.31	198.418	634
3344.35	193.688	635
3225.94	204.574	636
3098.19	196.933	637
2974.89	207.103	638
2861.88	211.89	639
2763.1	218.778	640
2661.57	217.482	641
2579.18	223.888	642
2484.87	227.479	643
2411.32	233.229	644
2339.05	223.137	645
2255.01	226.199	646
2168.18	226.112	647
2097.3	225.797	648
2027.55	221.894	649
1959.25	212.744	650
1883.07	206.275	651
1812.52	205.336	652
1763.03	197.866	653
1706.99	197.451	654
1653.19	199.987	655
1598.48	201.998	656
1546.41	215.545	657
1505.49	219.733	658
1452.95	222.993	659
1406.58	218.184	660
1354.95	226.674	661
1314.85	220.428	662
1269.2	218.342	663
1230.71	210.957	664
1208.36	206.953	665
1178.1	203.88	666
1152.25	204.455	667
1120.04	191.796	668
1093.94	200.54	669
1074.96	203.392	670
1044.71	198.158	671
1022.05	198.853	672
999.444	204.683	673
981.141	201.178	674
958.398	201.694	675
932.583	201.92	676
896.104	199.234	677
862.349	207.757	678
831.878	211.249	679
807.626	207.539	680
787.235	213.622	681
786.871	218.362	682
777.201	215.946	683
762.5	203.754	684
754.049	207.508	685
728.327	211.472	686
704.039	224.033	687
676.881	220.14	688
643.881	208.421	689
617.519	214.318	690
601.353	214.993	691
585.821	212.364	692
572.478	203.717	693
557.659	191.855	694
549.129	193.975	695
539.102	200.482	696
530.297	200.262	697
525.663	198.612	698
526.618	189.609	699
